$ 1 2e-9 242.03481360272136 67 5 43 5e-11
a 240 160 416 160 9 5 0 1000000 -5.917540032484351e-7 -0.13612901250114331 100000
x 37 125 117 128 4 12 Sensor\svoltage
r 240 176 128 176 0 1000
w 416 160 416 240 0
w 416 240 304 240 0
x 299 263 314 266 4 12 R1
x 209 200 224 203 4 12 R2
w 240 176 240 240 0
O 416 160 448 160 1 0
r 240 144 -32 144 0 1000
x 158 82 173 85 4 12 R3
g 240 80 240 32 0 0
R 128 176 80 176 0 0 40 0 0 0 0.5
x 62 204 135 207 4 12 Offset\svoltage
x -71 -25 91 -22 4 12 V_OUT\s\q\s\s19.5\s*\sT_A\s\p\sV_0°C
x -73 8 106 11 4 12 1ºC\s->\s19.5\s//\sWe\swant\s1ºC\s->\s5V\s
x -74 28 121 31 4 12 5000/20\s\q\s250X\s//\sWe\sneed\s250\sgain
x -75 60 93 63 4 12 The\sclosest\swith\sE12\sis\s220k:1k
r 304 240 240 240 0 22000
r 240 80 240 144 0 22000
x 264 50 552 68 4 12 Is\sneeded\sa\s0.1uF\sdecoupling\scapacitor\sfor\sthe\s16MHz\\n\s(and\sabove)\sof\sthe\sArduino\scrystal
R -144 144 -208 144 0 2 10000 5 0 0 0.5
w -144 144 -96 144 0
c -32 144 -32 192 0 1e-8 -0.1423166948875589 0.001
r -32 144 -96 144 0 22000
g -32 192 -32 240 0 0
o 8 64 0 4098 10 0.1 0 1
38 12 F1 0 0 5 -1 Offset\svoltage
