0.075 bindL 104.161 0 3.84025 262 81 81
0.11 bindL 104.231 0 6.93099 424 173 173
0.31 unbindL 104.161 0 3.84025 81 443 81
0.315 bindL 104.48 0 3.36389 443 82 82
0.33 bindL 100.467 0 0.252163 251 171 171
0.345 unbindL 104.231 0 6.93099 173 447 173
0.38 bindL 104.848 0 6.56549 447 101 101
0.635 bindL 103.192 0 7.32806 312 34 34
0.655 bindL 103.92 0 2.21734 376 87 87
0.68 bindL 100.271 0 7.08224 292 36 36
0.71 bindL 102.773 0 0.92247 373 108 108
0.725 bindL 104.005 0 7.25259 253 137 137
0.815 bindL 102.52 0 6.56519 276 64 64
0.825 unbindL 100.467 0 0.252163 171 456 171
0.83 bindL 100.631 0 0.123325 456 138 138
0.845 unbindL 104.005 0 7.25259 137 459 137
0.875 bindL 104.224 0 8.74576 459 192 192
0.96 unbindL 100.631 0 0.123325 138 462 138
0.965 bindL 100.895 0 0.382412 462 69 69
1.075 bindL 100.897 0 9.33319 404 21 21
1.095 unbindL 102.52 0 6.56519 64 466 64
1.1 bindL 101.972 0 6.3541 466 11 11
1.2 unbindL 101.972 0 6.3541 11 469 11
1.205 bindL 102.153 0 5.39222 469 123 123
1.225 unbindL 102.153 0 5.39222 123 472 123
1.225 bindL 104.685 0 2.16124 210 37 37
1.23 bindL 101.972 0 6.3541 472 11 11
1.295 unbindL 102.773 0 0.92247 108 476 108
1.3 bindL 100.043 0 1.3121 202 51 51
1.3 bindL 103.18 0 0.922971 476 112 112
1.4 unbindL 100.895 0 0.382412 69 480 69
1.45 bindL 101.789 0 2.30531 480 158 158
1.485 unbindL 103.192 0 7.32806 34 483 34
1.5 unbindL 104.224 0 8.74576 192 485 192
1.525 bindL 103.841 0 6.82133 483 122 122
1.565 bindL 104.657 0 9.48876 485 166 166
1.6 unbindL 101.972 0 6.3541 11 489 11
1.605 bindL 102.772 0 5.62482 489 155 155
1.66 unbindL 102.772 0 5.62482 155 492 155
1.665 bindL 102.772 0 5.62482 492 155 155
1.72 unbindL 101.789 0 2.30531 158 495 158
1.725 bindL 100.878 0 2.02557 495 129 129
1.745 unbindL 104.848 0 6.56549 101 498 101
1.745 unbindL 100.043 0 1.3121 51 500 51
1.75 bindL 104.848 0 6.56549 498 101 101
1.75 bindL 101.052 0 0.516017 500 153 153
1.9 unbindL 104.685 0 2.16124 37 504 37
1.915 unbindL 103.92 0 2.21734 87 506 87
1.93 bindL 104.848 0 3.00584 506 179 179
2.05 unbindL 104.657 0 9.48876 166 509 166
2.085 bindL 103.894 0 8.02577 509 184 184
2.15 unbindL 103.894 0 8.02577 184 512 184
2.16 bindL 103.223 0 6.68377 512 100 100
2.18 unbindL 103.18 0 0.922971 112 515 112
2.2 unbindL 103.223 0 6.68377 100 517 100
2.205 bindL 103.846 0 6.50141 517 62 62
2.245 bindL 102.952 0 1.00588 515 91 91
2.345 unbindL 102.952 0 1.00588 91 521 91
2.355 bindL 102.819 0 2.00909 521 167 167
2.405 bindL 100.732 0 2.76344 416 85 85
2.6 bindL 103.785 0 5.55855 203 131 131
2.63 unbindL 103.846 0 6.50141 62 526 62
2.635 bindL 104.157 0 6.38744 526 157 157
2.645 unbindL 103.785 0 5.55855 131 529 131
2.65 bindL 103.671 0 5.30423 529 109 109
2.695 unbindL 100.732 0 2.76344 85 532 85
2.7 bindL 100.732 0 2.76344 532 85 85
2.775 unbindL 100.732 0 2.76344 85 535 85
2.81 unbindL 102.819 0 2.00909 167 537 167
2.815 bindL 101.942 0 1.56734 537 16 16
2.825 unbindL 102.772 0 5.62482 155 540 155
2.83 bindL 102.604 0 4.91687 540 188 188
2.84 unbindL 101.942 0 1.56734 16 543 16
2.86 bindL 102.448 0 2.36911 543 107 107
2.995 unbindL 100.897 0 9.33319 21 546 21
3.055 bindL 103.731 0 6.61634 344 168 168
3.25 unbindL 102.448 0 2.36911 107 549 107
3.26 bindL 102.448 0 2.36911 549 107 107
3.265 bindL 100.069 0 0.895714 535 68 68
3.355 unbindL 103.841 0 6.82133 122 553 122
3.45 unbindL 101.052 0 0.516017 153 555 153
3.49 unbindL 100.271 0 7.08224 36 557 36
3.495 bindL 100.909 0 6.69201 557 32 32
3.505 bindL 102.773 0 0.92247 555 108 108
3.525 bindL 104.395 0 6.81765 410 163 163
3.54 unbindL 100.878 0 2.02557 129 562 129
3.54 bindL 104.909 0 2.84389 303 121 121
3.565 unbindL 102.773 0 0.92247 108 565 108
3.565 unbindL 104.395 0 6.81765 163 567 163
3.58 bindL 103.846 0 6.50141 567 62 62
3.59 unbindL 103.846 0 6.50141 62 570 62
3.595 bindL 103.841 0 6.82133 570 122 122
3.6 unbindL 104.848 0 6.56549 101 573 101
3.66 bindL 104.005 0 7.25259 417 137 137
3.72 unbindL 104.909 0 2.84389 121 576 121
3.725 bindL 104.685 0 2.16124 576 37 37
3.785 bindL 100.972 0 3.2907 293 169 169
3.805 bindL 104.152 0 8.956 347 55 55
3.815 bindL 102.789 0 3.17705 553 134 134
3.895 bindL 100.088 0 2.69258 504 22 22
3.96 bindL 104.803 0 0.64394 573 42 42
3.975 bindL 104.909 0 2.84389 353 121 121
4.05 unbindL 100.972 0 3.2907 169 585 169
4.055 bindL 101.505 0 2.10895 585 86 86
4.07 unbindL 102.604 0 4.91687 188 588 188
4.08 unbindL 100.909 0 6.69201 32 590 32
4.08 unbindL 102.448 0 2.36911 107 592 107
4.085 bindL 101.92 0 3.71801 592 200 200
4.18 bindL 101.484 0 3.05018 201 45 45
4.185 unbindL 104.157 0 6.38744 157 596 157
4.195 bindL 104.883 0 5.60217 596 90 90
4.365 unbindL 102.789 0 3.17705 134 599 134
4.37 bindL 102.97 0 2.87657 599 197 197
4.395 unbindL 100.088 0 2.69258 22 602 22
4.395 bindL 101.631 0 6.03526 588 135 135
4.4 bindL 100.464 0 3.23866 602 128 128
4.42 bindL 101.346 0 4.12237 384 39 39
4.43 unbindL 103.731 0 6.61634 168 607 168
4.495 unbindL 104.685 0 2.16124 37 609 37
4.56 unbindL 104.848 0 3.00584 179 611 179
4.57 bindL 104.776 0 3.27161 611 102 102
4.65 bindL 104.396 0 4.40077 609 187 187
4.675 unbindL 104.803 0 0.64394 42 615 42
4.68 unbindL 101.505 0 2.10895 86 617 86
4.69 bindL 104.803 0 0.64394 615 42 42
4.69 bindL 102.448 0 2.36911 617 107 107
4.77 unbindL 104.776 0 3.27161 102 621 102
4.88 bindL 104.817 0 5.94907 274 63 63
4.915 unbindL 104.803 0 0.64394 42 624 42
4.93 bindL 103.92 0 2.21734 621 87 87
4.98 unbindL 104.48 0 3.36389 82 627 82
4.985 unbindL 104.817 0 5.94907 63 629 63
4.985 bindL 103.836 0 2.96874 627 116 116
4.995 unbindL 104.883 0 5.60217 90 632 90
5.035 bindL 104.395 0 6.81765 632 163 163
5.065 unbindL 102.97 0 2.87657 197 635 197
5.095 bindL 102.155 0 4.31402 635 180 180
5.23 unbindL 103.671 0 5.30423 109 638 109
5.24 unbindL 101.484 0 3.05018 45 640 45
5.255 bindL 102.604 0 4.91687 638 188 188
5.265 unbindL 104.005 0 7.25259 137 643 137
5.265 bindL 101.505 0 2.10895 640 86 86
5.305 bindL 103.894 0 8.02577 643 184 184
5.4 bindL 100.037 0 4.02468 629 98 98
5.405 unbindL 101.505 0 2.10895 86 648 86
5.41 bindL 100.732 0 2.76344 648 85 85
5.475 unbindL 104.395 0 6.81765 163 651 163
5.495 unbindL 103.836 0 2.96874 116 653 116
5.5 bindL 104.224 0 8.74576 651 192 192
5.51 unbindL 102.155 0 4.31402 180 656 180
5.515 bindL 101.484 0 3.05018 656 45 45
5.525 unbindL 103.92 0 2.21734 87 659 87
5.56 bindL 102.457 0 0.728137 659 148 148
5.59 unbindL 104.224 0 8.74576 192 662 192
5.605 bindL 103.709 0 9.76453 662 147 147
5.64 unbindL 103.841 0 6.82133 122 665 122
5.645 bindL 103.223 0 6.68377 665 100 100
5.665 unbindL 102.604 0 4.91687 188 668 188
5.675 bindL 103.701 0 4.72944 668 20 20
5.695 unbindL 101.92 0 3.71801 200 671 200
5.765 unbindL 100.732 0 2.76344 85 673 85
5.77 bindL 100.732 0 2.76344 673 85 85
5.85 unbindL 103.709 0 9.76453 147 676 147
5.855 bindL 103.856 0 9.53453 676 44 44
5.89 unbindL 102.457 0 0.728137 148 679 148
5.9 bindL 101.26 0 0.734191 679 46 46
5.915 unbindL 101.484 0 3.05018 45 682 45
5.93 bindL 101.45 0 2.48971 682 72 72
5.945 bindL 103.322 0 2.87685 624 149 149
6.02 unbindL 101.631 0 6.03526 135 686 135
6.03 unbindL 100.037 0 4.02468 98 688 98
6.055 bindL 104.817 0 5.94907 686 63 63
6.1 bindL 100.723 0 4.76012 688 172 172
6.13 unbindL 100.464 0 3.23866 128 692 128
6.135 bindL 100.972 0 3.2907 692 169 169
6.165 unbindL 104.396 0 4.40077 187 695 187
6.205 bindL 102.4 0 3.99698 277 125 125
6.215 unbindL 102.448 0 2.36911 107 698 107
6.22 bindL 102.819 0 2.00909 698 167 167
6.24 unbindL 103.856 0 9.53453 44 701 44
6.285 unbindL 100.972 0 3.2907 169 703 169
6.29 bindL 101.243 0 3.30086 703 76 76
6.32 unbindL 103.701 0 4.72944 20 706 20
6.325 bindL 103.705 0 5.21077 706 83 83
6.345 unbindL 104.152 0 8.956 55 709 55
6.385 unbindL 101.26 0 0.734191 46 711 46
6.39 unbindL 102.4 0 3.99698 125 713 125
6.4 bindL 101.591 0 3.6653 713 104 104
6.41 bindL 100.895 0 0.382412 711 69 69
6.42 unbindL 103.705 0 5.21077 83 717 83
6.43 bindL 104.883 0 5.60217 717 90 90
6.435 unbindL 103.894 0 8.02577 184 720 184
6.47 bindL 102.798 0 6.97421 720 111 111
6.61 unbindL 100.069 0 0.895714 68 723 68
6.62 bindL 104.816 0 6.97171 709 9 9
6.635 unbindL 101.346 0 4.12237 39 726 39
6.645 bindL 101.161 0 4.86579 726 19 19
6.68 bindL 102.605 0 0.553157 723 144 144
6.695 unbindL 101.161 0 4.86579 19 730 19
6.7 bindL 101.249 0 4.462 730 176 176
6.735 unbindL 104.909 0 2.84389 121 733 121
6.74 bindL 104.848 0 3.00584 733 179 179
6.76 unbindL 100.895 0 0.382412 69 736 69
6.765 unbindL 102.819 0 2.00909 167 738 167
6.78 bindL 102.241 0 2.19372 738 93 93
6.8 unbindL 101.45 0 2.48971 72 741 72
6.85 unbindL 102.605 0 0.553157 144 743 144
6.9 bindL 104.215 0 5.4986 741 181 181
6.935 unbindL 101.591 0 3.6653 104 746 104
6.94 bindL 101.591 0 3.6653 746 104 104
6.96 unbindL 100.732 0 2.76344 85 749 85
6.975 unbindL 104.215 0 5.4986 181 751 181
7.025 bindL 102.153 0 5.39222 743 123 123
7.07 bindL 101.789 0 2.30531 751 158 158
7.075 bindL 102.084 0 2.24548 204 24 24
7.14 bindL 104.657 0 9.48876 290 166 166
7.155 unbindL 103.322 0 2.87685 149 757 149
7.16 bindL 103.322 0 2.87685 757 149 149
7.205 bindL 101.706 0 3.8645 749 78 78
7.245 bindL 100.897 0 9.33319 337 21 21
7.255 unbindL 103.322 0 2.87685 149 762 149
7.26 bindL 103.322 0 2.87685 762 149 149
7.28 unbindL 104.817 0 5.94907 63 765 63
7.29 bindL 103.731 0 6.61634 765 168 168
7.33 unbindL 101.591 0 3.6653 104 768 104
7.335 bindL 100.972 0 3.2907 768 169 169
7.395 unbindL 100.897 0 9.33319 21 771 21
7.505 unbindL 104.816 0 6.97171 9 773 9
7.545 bindL 103.701 0 4.72944 296 20 20
7.61 unbindL 101.249 0 4.462 176 776 176
7.62 bindL 101.45 0 2.48971 273 72 72
7.7 unbindL 101.789 0 2.30531 158 779 158
7.715 bindL 103.015 0 2.73865 779 189 189
7.77 unbindL 103.701 0 4.72944 20 782 20
7.775 unbindL 104.883 0 5.60217 90 784 90
7.785 bindL 104.161 0 3.84025 782 81 81
7.79 unbindL 103.322 0 2.87685 149 787 149
7.8 unbindL 102.084 0 2.24548 24 789 24
7.81 bindL 102.123 0 1.26553 789 195 195
7.83 unbindL 101.706 0 3.8645 78 792 78
7.835 bindL 103.3 0 0.781489 787 79 79
7.865 bindL 104.729 0 8.43522 278 7 7
7.885 bindL 102.605 0 0.553157 365 144 144
7.915 unbindL 101.45 0 2.48971 72 797 72
7.92 unbindL 103.731 0 6.61634 168 799 168
7.92 bindL 100.305 0 8.26144 776 66 66
7.935 bindL 104.848 0 6.56549 799 101 101
7.955 unbindL 104.729 0 8.43522 7 803 7
7.995 bindL 100.464 0 3.23866 546 128 128
8 bindL 104.564 0 9.40932 803 113 113
8.02 bindL 100.811 0 5.33112 797 23 23
8.035 unbindL 100.811 0 5.33112 23 808 23
8.05 bindL 100.992 0 6.6323 808 43 43
8.075 unbindL 103.015 0 2.73865 189 811 189
8.08 bindL 102.448 0 2.36911 811 107 107
8.105 unbindL 103.223 0 6.68377 100 814 100
8.115 bindL 103.223 0 6.68377 814 100 100
8.145 unbindL 104.848 0 6.56549 101 817 101
8.155 bindL 103.836 0 2.96874 773 116 116
8.205 unbindL 100.464 0 3.23866 128 820 128
8.205 bindL 103.418 0 8.60039 771 26 26
8.22 bindL 101.119 0 6.90563 240 185 185
8.275 unbindL 104.848 0 3.00584 179 824 179
8.28 unbindL 102.605 0 0.553157 144 826 144
8.285 bindL 104.909 0 2.84389 824 121 121
8.325 bindL 100.383 0 5.8595 671 27 27
8.355 unbindL 104.657 0 9.48876 166 830 166
8.36 bindL 104.657 0 9.48876 830 166 166
8.415 unbindL 102.241 0 2.19372 93 833 93
8.46 unbindL 103.223 0 6.68377 100 835 100
8.47 bindL 102.772 0 5.62482 835 155 155
8.55 bindL 103.709 0 9.76453 792 147 147
8.56 bindL 104.602 0 1.67324 245 165 165
8.575 bindL 100.043 0 1.3121 826 51 51
8.635 unbindL 104.909 0 2.84389 121 841 121
8.645 unbindL 103.3 0 0.781489 79 843 79
8.675 bindL 102.605 0 0.553157 843 144 144
8.695 bindL 104.588 0 4.97662 423 175 175
8.695 bindL 101.221 0 1.91692 833 190 190
8.81 unbindL 104.657 0 9.48876 166 848 166
8.935 unbindL 102.123 0 1.26553 195 850 195
8.995 unbindL 100.383 0 5.8595 27 852 27
9 unbindL 103.418 0 8.60039 26 854 26
9.005 bindL 102.623 0 9.17805 854 88 88
9.01 unbindL 104.161 0 3.84025 81 857 81
9.03 unbindL 104.602 0 1.67324 165 859 165
9.03 bindL 104.215 0 5.4986 848 181 181
9.05 bindL 104.161 0 3.84025 857 81 81
9.115 unbindL 101.119 0 6.90563 185 863 185
9.15 bindL 101.484 0 7.07156 863 174 174
9.205 bindL 100.895 0 0.382412 367 69 69
9.27 unbindL 102.605 0 0.553157 144 867 144
9.28 unbindL 104.564 0 9.40932 113 869 113
9.285 bindL 100.316 0 9.17574 297 136 136
9.295 bindL 104.532 0 8.72922 869 193 193
9.305 bindL 102.52 0 6.56519 859 64 64
9.32 bindL 102.939 0 6.73281 820 25 25
9.34 unbindL 101.484 0 7.07156 174 875 174
9.35 bindL 102.913 0 7.46242 875 194 194
9.355 unbindL 104.532 0 8.72922 193 878 193
9.425 unbindL 100.043 0 1.3121 51 880 51
9.425 bindL 103.418 0 8.60039 878 26 26
9.46 unbindL 100.895 0 0.382412 69 883 69
9.47 bindL 101.26 0 0.734191 883 46 46
9.49 unbindL 102.153 0 5.39222 123 886 123
9.495 bindL 101.569 0 5.06638 886 80 80
9.54 unbindL 102.448 0 2.36911 107 889 107
9.54 unbindL 101.221 0 1.91692 190 891 190
9.55 unbindL 100.305 0 8.26144 66 893 66
9.555 bindL 100.981 0 1.54106 891 74 74
9.625 unbindL 100.316 0 9.17574 136 896 136
9.64 unbindL 103.836 0 2.96874 116 898 116
9.65 unbindL 100.723 0 4.76012 172 900 172
9.65 bindL 103.182 0 2.35451 898 151 151
9.655 unbindL 100.972 0 3.2907 169 903 169
9.66 bindL 101.45 0 2.48971 903 72 72
9.7 bindL 100.66 0 9.74819 896 161 161
9.71 bindL 101.249 0 4.462 900 176 176
9.74 unbindL 102.52 0 6.56519 64 908 64
9.74 bindL 102.733 0 2.18867 867 156 156
9.75 bindL 102.589 0 7.46148 908 159 159
9.92 unbindL 101.569 0 5.06638 80 912 80
9.925 bindL 101.136 0 5.64637 912 177 177
10.015 unbindL 100.66 0 9.74819 161 915 161
10.035 bindL 100.77 0 9.81112 915 145 145
10.07 unbindL 100.992 0 6.6323 43 918 43
10.075 unbindL 104.588 0 4.97662 175 920 175
10.08 bindL 104.396 0 4.40077 354 187 187
10.085 bindL 100.992 0 6.6323 918 43 43
10.14 bindL 100.305 0 8.26144 701 66 66
10.22 bindL 101.78 0 8.74527 841 1 1
10.23 unbindL 101.26 0 0.734191 46 926 46
10.285 unbindL 102.589 0 7.46148 159 928 159
10.285 bindL 104.828 0 8.60991 653 92 92
10.29 bindL 102.406 0 7.15615 928 140 140
10.335 bindL 100.341 0 4.91336 335 118 118
10.375 unbindL 100.992 0 6.6323 43 933 43
10.39 unbindL 103.182 0 2.35451 151 935 151
10.405 bindL 102.383 0 1.59279 926 75 75
10.405 bindL 101.942 0 1.56734 935 16 16
10.485 bindL 100.467 0 0.252163 324 171 171
10.52 bindL 101.441 0 6.35088 933 67 67
10.535 unbindL 102.913 0 7.46242 194 941 194
10.54 bindL 102.945 0 7.17058 941 139 139
10.64 unbindL 104.161 0 3.84025 81 944 81
10.655 unbindL 101.136 0 5.64637 177 946 177
10.66 bindL 100.811 0 5.33112 946 23 23
10.68 unbindL 101.249 0 4.462 176 949 176
10.68 bindL 104.848 0 3.00584 944 179 179
10.69 bindL 100.467 0 5.72902 949 196 196
10.705 unbindL 100.77 0 9.81112 145 953 145
10.715 bindL 100.66 0 9.74819 953 161 161
10.75 unbindL 101.441 0 6.35088 67 956 67
10.78 bindL 101.972 0 6.3541 956 11 11
10.8 unbindL 102.939 0 6.73281 25 959 25
10.845 bindL 102.773 0 0.92247 880 108 108
10.855 unbindL 100.981 0 1.54106 74 962 74
10.855 bindL 104.978 0 5.19802 959 84 84
10.9 unbindL 102.623 0 9.17805 88 965 88
10.91 bindL 102.796 0 9.46428 965 198 198
10.925 unbindL 101.78 0 8.74527 1 968 1
10.93 bindL 101.316 0 9.65712 968 97 97
10.935 unbindL 100.305 0 8.26144 66 971 66
10.945 unbindL 100.811 0 5.33112 23 973 23
11 bindL 101.78 0 8.74527 971 1 1
11.035 unbindL 104.848 0 3.00584 179 976 179
11.04 bindL 104.909 0 2.84389 976 121 121
11.05 unbindL 102.406 0 7.15615 140 979 140
11.065 bindL 101.119 0 6.90563 979 185 185
11.135 unbindL 101.972 0 6.3541 11 982 11
11.15 bindL 101.76 0 7.36328 982 164 164
11.255 unbindL 103.418 0 8.60039 26 985 26
11.26 unbindL 101.76 0 7.36328 164 987 164
11.265 bindL 101.619 0 6.92634 987 154 154
11.285 bindL 104.803 0 0.64394 962 42 42
11.295 unbindL 104.803 0 0.64394 42 991 42
11.31 bindL 104.803 0 0.64394 991 42 42
11.38 unbindL 100.467 0 0.252163 171 994 171
11.46 bindL 100.069 0 0.895714 893 68 68
11.465 unbindL 101.45 0 2.48971 72 997 72
11.475 bindL 100.732 0 2.76344 997 85 85
11.485 unbindL 101.619 0 6.92634 154 1000 154
11.51 unbindL 102.733 0 2.18867 156 1002 156
11.515 bindL 103.182 0 2.35451 1002 151 151
11.525 bindL 103.861 0 0.226818 320 115 115
11.595 unbindL 102.383 0 1.59279 75 1006 75
11.6 bindL 102.084 0 2.24548 1006 24 24
11.605 bindL 104.657 0 9.48876 221 166 166
11.645 unbindL 101.119 0 6.90563 185 1010 185
11.65 bindL 101.441 0 6.35088 1010 67 67
11.685 unbindL 104.215 0 5.4986 181 1013 181
11.69 unbindL 103.709 0 9.76453 147 1015 147
11.69 bindL 104.611 0 4.89249 1013 141 141
11.7 bindL 103.856 0 9.53453 1015 44 44
11.71 unbindL 101.243 0 3.30086 76 1019 76
11.72 bindL 102.457 0 0.728137 973 148 148
11.73 unbindL 100.341 0 4.91336 118 1022 118
11.73 unbindL 103.856 0 9.53453 44 1024 44
11.74 bindL 100.037 0 4.02468 1022 98 98
11.745 bindL 103.852 0 9.27664 1024 41 41
11.765 bindL 100.631 0 0.123325 336 138 138
11.775 unbindL 104.611 0 4.89249 141 1029 141
11.78 bindL 104.703 0 4.20378 1029 106 106
11.8 unbindL 102.773 0 0.92247 108 1032 108
11.805 unbindL 104.703 0 4.20378 106 1034 106
12.03 bindL 104.161 0 1.47159 1032 33 33
12.06 unbindL 103.861 0 0.226818 115 1037 115
12.065 bindL 103.821 0 1.59288 1037 186 186
12.08 unbindL 102.798 0 6.97421 111 1040 111
12.085 unbindL 102.945 0 7.17058 139 1042 139
12.09 bindL 102.335 0 8.85238 1040 29 29
12.095 unbindL 100.732 0 2.76344 85 1045 85
12.12 unbindL 102.457 0 0.728137 148 1047 148
12.12 bindL 104.267 0 7.1457 1042 142 142
12.14 bindL 104.395 0 6.81765 1019 163 163
12.15 bindL 100.981 0 1.54106 1047 74 74
12.175 unbindL 102.796 0 9.46428 198 1052 198
12.19 unbindL 104.803 0 0.64394 42 1054 42
12.195 bindL 104.803 0 0.64394 1054 42 42
12.205 unbindL 102.335 0 8.85238 29 1057 29
12.205 unbindL 104.657 0 9.48876 166 1059 166
12.21 bindL 100.271 0 7.08224 322 36 36
12.21 bindL 102.213 0 7.93332 1057 191 191
12.215 unbindL 104.395 0 6.81765 163 1063 163
12.315 unbindL 104.803 0 0.64394 42 1065 42
12.365 bindL 102.625 0 1.81944 565 120 120
12.525 unbindL 101.441 0 6.35088 67 1068 67
12.53 bindL 100.909 0 6.69201 1068 32 32
12.575 bindL 101.119 0 6.90563 1052 185 185
12.585 bindL 100.708 0 7.68808 1063 132 132
12.59 unbindL 101.119 0 6.90563 185 1073 185
12.625 unbindL 104.909 0 2.84389 121 1075 121
12.64 unbindL 104.161 0 1.47159 33 1077 33
12.645 bindL 103.92 0 2.21734 1077 87 87
12.695 unbindL 100.271 0 7.08224 36 1080 36
12.705 unbindL 100.981 0 1.54106 74 1082 74
12.71 bindL 101.553 0 1.62627 1082 117 117
12.715 unbindL 104.267 0 7.1457 142 1085 142
12.72 unbindL 102.213 0 7.93332 191 1087 191
12.725 bindL 104.231 0 6.93099 1085 173 173
12.725 bindL 101.516 0 8.34957 1087 48 48
12.73 bindL 103.626 0 0.423837 1065 28 28
12.735 unbindL 102.625 0 1.81944 120 1092 120
12.75 bindL 101.642 0 1.26518 1092 99 99
12.795 unbindL 100.631 0 0.123325 138 1095 138
12.8 bindL 100.895 0 0.382412 1095 69 69
12.81 unbindL 100.708 0 7.68808 132 1098 132
12.84 bindL 101.441 0 6.35088 1080 67 67
12.845 unbindL 101.316 0 9.65712 97 1101 97
12.86 bindL 100.77 0 9.81112 1101 145 145
12.89 bindL 104.48 0 3.36389 1059 82 82
12.93 unbindL 102.772 0 5.62482 155 1105 155
12.935 bindL 102.178 0 5.17404 1105 89 89
12.95 unbindL 104.978 0 5.19802 84 1108 84
12.965 unbindL 100.069 0 0.895714 68 1110 68
12.97 bindL 100.981 0 1.54106 1110 74 74
13.085 unbindL 102.178 0 5.17404 89 1113 89
13.145 unbindL 100.037 0 4.02468 98 1115 98
13.15 unbindL 104.48 0 3.36389 82 1117 82
13.15 bindL 100.586 0 3.69175 1115 127 127
13.175 bindL 104.883 0 5.60217 1075 90 90
13.2 bindL 104.685 0 2.16124 1117 37 37
13.205 unbindL 100.66 0 9.74819 161 1122 161
13.21 bindL 100.897 0 9.33319 1122 21 21
13.23 unbindL 100.586 0 3.69175 127 1125 127
13.245 unbindL 104.828 0 8.60991 92 1127 92
13.245 bindL 100.037 0 4.02468 1125 98 98
13.25 unbindL 104.396 0 4.40077 187 1130 187
13.27 bindL 103.731 0 6.61634 1073 168 168
13.285 bindL 104.48 0 3.36389 1113 82 82
13.325 unbindL 100.897 0 9.33319 21 1134 21
13.415 unbindL 103.731 0 6.61634 168 1136 168
13.42 bindL 103.322 0 2.87685 1045 149 149
13.42 bindL 103.192 0 7.32806 1136 34 34
13.43 unbindL 100.981 0 1.54106 74 1140 74
13.445 bindL 100.631 0 0.123325 1140 138 138
13.455 unbindL 100.467 0 5.72902 196 1143 196
13.52 bindL 101.484 0 7.07156 1143 174 174
13.525 bindL 101.316 0 9.65712 1134 97 97
13.54 unbindL 104.685 0 2.16124 37 1147 37
13.585 unbindL 101.316 0 9.65712 97 1149 97
13.59 bindL 101.491 0 9.48962 1149 77 77
13.595 unbindL 104.48 0 3.36389 82 1152 82
13.6 bindL 104.161 0 3.84025 1152 81 81
13.605 unbindL 101.553 0 1.62627 117 1155 117
13.63 unbindL 100.77 0 9.81112 145 1157 145
13.635 bindL 100.467 0 0.252163 1147 171 171
13.635 bindL 102.952 0 1.00588 1155 91 91
13.725 unbindL 103.192 0 7.32806 34 1161 34
13.82 bindL 101.249 0 4.462 1098 176 176
13.86 unbindL 100.467 0 0.252163 171 1164 171
13.88 bindL 101.17 0 1.88942 1164 126 126
13.905 unbindL 102.952 0 1.00588 91 1167 91
13.91 bindL 102.625 0 1.81944 1167 120 120
13.925 unbindL 101.942 0 1.56734 16 1170 16
13.94 bindL 102.605 0 0.553157 1170 144 144
13.955 unbindL 104.161 0 3.84025 81 1173 81
13.975 unbindL 100.909 0 6.69201 32 1175 32
14.005 bindL 100.992 0 6.6323 1175 43 43
14.02 bindL 104.978 0 5.19802 1173 84 84
14.04 unbindL 101.516 0 8.34957 48 1179 48
14.045 bindL 101.617 0 9.05888 1179 119 119
14.125 unbindL 103.322 0 2.87685 149 1182 149
14.14 bindL 102.123 0 1.26553 1130 195 195
14.15 unbindL 103.852 0 9.27664 41 1185 41
14.155 bindL 103.709 0 9.76453 1185 147 147
14.19 unbindL 101.249 0 4.462 176 1188 176
14.195 bindL 100.323 0 4.71811 1188 114 114
14.225 bindL 104.395 0 6.81765 1182 163 163
14.25 unbindL 100.323 0 4.71811 114 1192 114
14.255 bindL 100.467 0 5.72902 1192 196 196
14.28 unbindL 101.441 0 6.35088 67 1195 67
14.29 bindL 101.972 0 6.3541 1195 11 11
14.33 unbindL 100.895 0 0.382412 69 1198 69
14.34 bindL 100.467 0 0.252163 1198 171 171
14.375 unbindL 102.084 0 2.24548 24 1201 24
14.395 bindL 102.789 0 3.17705 1201 134 134
14.42 unbindL 102.123 0 1.26553 195 1204 195
14.435 unbindL 103.821 0 1.59288 186 1206 186
14.48 bindL 102.733 0 2.18867 1206 156 156
14.515 bindL 104.853 0 5.05895 1204 133 133
14.565 unbindL 100.631 0 0.123325 138 1210 138
14.57 bindL 100.895 0 0.382412 1210 69 69
14.58 bindL 101.942 0 1.56734 889 16 16
14.605 bindL 104.657 0 9.48876 817 166 166
14.625 bindL 104.909 0 2.84389 1161 121 121
14.64 unbindL 101.617 0 9.05888 119 1216 119
14.64 unbindL 104.657 0 9.48876 166 1218 166
14.685 unbindL 102.605 0 0.553157 144 1220 144
14.715 bindL 102.4 0 3.99698 1220 125 125
14.76 unbindL 100.467 0 5.72902 196 1223 196
14.845 unbindL 103.626 0 0.423837 28 1225 28
14.865 unbindL 101.78 0 8.74527 1 1227 1
14.865 bindL 104.848 0 6.56549 1218 101 101
14.875 unbindL 104.909 0 2.84389 121 1230 121
14.88 bindL 104.848 0 3.00584 1230 179 179
14.89 bindL 102.335 0 8.85238 1227 29 29
14.935 unbindL 102.789 0 3.17705 134 1234 134
14.95 bindL 103.322 0 2.87685 1234 149 149
14.96 bindL 102.09 0 3.62593 695 162 162
14.99 bindL 100.305 0 8.26144 1223 66 66
14.995 unbindL 102.335 0 8.85238 29 1239 29
15 bindL 101.78 0 8.74527 1239 1 1
15.025 unbindL 102.733 0 2.18867 156 1242 156
15.03 unbindL 100.037 0 4.02468 98 1244 98
15.035 unbindL 104.883 0 5.60217 90 1246 90
15.045 bindL 100.972 0 3.2907 1244 169 169
15.055 bindL 102.241 0 2.19372 1242 93 93
15.07 unbindL 102.09 0 3.62593 162 1250 162
15.085 unbindL 100.992 0 6.6323 43 1252 43
15.085 bindL 102.97 0 2.87657 1250 197 197
15.09 bindL 101.376 0 7.22674 1252 178 178
15.105 unbindL 101.942 0 1.56734 16 1256 16
15.11 bindL 102.084 0 2.24548 1256 24 24
15.2 bindL 100.571 0 3.85891 340 53 53
15.205 unbindL 101.484 0 7.07156 174 1260 174
15.235 bindL 101.441 0 6.35088 1260 67 67
15.25 unbindL 100.305 0 8.26144 66 1263 66
15.255 bindL 100.708 0 7.68808 1263 132 132
15.375 bindL 100.341 0 4.91336 1216 118 118
15.4 unbindL 101.642 0 1.26518 99 1267 99
15.405 bindL 100.925 0 1.3955 1267 12 12
15.42 bindL 101.76 0 7.36328 334 164 164
15.495 unbindL 103.92 0 2.21734 87 1271 87
15.495 unbindL 101.76 0 7.36328 164 1273 164
15.5 bindL 103.836 0 2.96874 1271 116 116
15.505 bindL 102.406 0 7.15615 1273 140 140
15.55 unbindL 100.571 0 3.85891 53 1277 53
15.62 unbindL 102.97 0 2.87657 197 1279 197
15.64 unbindL 100.972 0 3.2907 169 1281 169
15.65 unbindL 104.231 0 6.93099 173 1283 173
15.66 unbindL 100.925 0 1.3955 12 1285 12
15.66 bindL 100.878 0 2.02557 1281 129 129
15.665 bindL 100.925 0 1.3955 1285 12 12
15.715 unbindL 104.848 0 3.00584 179 1289 179
15.74 unbindL 104.853 0 5.05895 133 1291 133
15.745 unbindL 103.182 0 2.35451 151 1293 151
15.8 bindL 101.789 0 2.30531 1293 158 158
15.83 unbindL 101.78 0 8.74527 1 1296 1
15.84 bindL 101.658 0 6.52029 1283 96 96
15.905 bindL 103.861 0 0.226818 1289 115 115
15.915 unbindL 102.406 0 7.15615 140 1300 140
15.925 bindL 102.901 0 7.702 1300 170 170
15.935 unbindL 101.972 0 6.3541 11 1303 11
15.94 bindL 101.484 0 7.07156 1303 174 174
15.97 bindL 102.772 0 5.62482 1157 155 155
16.025 bindL 101.942 0 1.56734 1279 16 16
16.035 unbindL 104.978 0 5.19802 84 1308 84
16.04 bindL 101.76 0 7.36328 1296 164 164
16.055 unbindL 102.625 0 1.81944 120 1311 120
16.065 bindL 102.819 0 2.00909 1311 167 167
16.07 unbindL 103.861 0 0.226818 115 1314 115
16.075 bindL 104.803 0 0.64394 1314 42 42
16.205 unbindL 101.76 0 7.36328 164 1317 164
16.21 bindL 102.438 0 7.36785 1317 31 31
16.23 unbindL 102.819 0 2.00909 167 1320 167
16.245 unbindL 102.4 0 3.99698 125 1322 125
16.255 bindL 101.777 0 4.19646 1322 71 71
16.275 unbindL 103.322 0 2.87685 149 1325 149
16.28 unbindL 104.848 0 6.56549 101 1327 101
16.28 bindL 101.631 0 6.03526 1225 135 135
16.28 bindL 103.287 0 2.38583 1325 70 70
16.29 bindL 103.894 0 8.02577 1327 184 184
16.3 bindL 104.816 0 6.97171 1308 9 9
16.315 unbindL 101.491 0 9.48962 77 1333 77
16.315 unbindL 100.341 0 4.91336 118 1335 118
16.325 bindL 100.66 0 9.74819 1333 161 161
16.355 unbindL 104.395 0 6.81765 163 1338 163
16.36 bindL 103.192 0 7.32806 1338 34 34
16.37 unbindL 103.709 0 9.76453 147 1341 147
16.415 unbindL 101.658 0 6.52029 96 1343 96
16.42 unbindL 103.287 0 2.38583 70 1345 70
16.44 unbindL 101.441 0 6.35088 67 1347 67
16.44 bindL 101.484 0 3.05018 1320 45 45
16.46 bindL 101.119 0 6.90563 1341 185 185
16.465 unbindL 103.192 0 7.32806 34 1351 34
16.47 unbindL 101.789 0 2.30531 158 1353 158
16.475 bindL 103.709 0 9.76453 1277 147 147
16.475 bindL 101.45 0 2.48971 1353 72 72
16.485 unbindL 103.894 0 8.02577 184 1357 184
16.485 unbindL 101.942 0 1.56734 16 1359 16
16.49 unbindL 103.709 0 9.76453 147 1361 147
16.495 bindL 104.152 0 8.956 1361 55 55
16.5 unbindL 102.772 0 5.62482 155 1364 155
16.505 unbindL 104.152 0 8.956 55 1366 55
16.505 bindL 104.817 0 5.94907 270 63 63
16.51 bindL 103.336 0 4.72388 1364 182 182
16.54 unbindL 100.925 0 1.3955 12 1370 12
16.555 bindL 103.3 0 0.781489 1359 79 79
16.56 bindL 102.796 0 9.46428 1357 198 198
16.595 unbindL 104.803 0 0.64394 42 1374 42
16.645 unbindL 101.631 0 6.03526 135 1376 135
16.66 unbindL 100.66 0 9.74819 161 1378 161
16.665 bindL 101.485 0 9.87376 1378 73 73
16.675 bindL 101.249 0 4.462 1376 176 176
16.68 unbindL 101.376 0 7.22674 178 1382 178
16.685 bindL 101.972 0 6.3541 1382 11 11
16.7 bindL 103.821 0 1.59288 1374 186 186
16.825 unbindL 101.484 0 3.05018 45 1386 45
16.86 unbindL 103.3 0 0.781489 79 1388 79
16.875 bindL 104.588 0 4.97662 1343 175 175
16.88 bindL 104.729 0 8.43522 1366 7 7
16.92 unbindL 101.249 0 4.462 176 1392 176
16.925 bindL 101.758 0 4.37411 1392 40 40
16.935 unbindL 102.241 0 2.19372 93 1395 93
16.935 unbindL 101.45 0 2.48971 72 1397 72
16.935 bindL 103.626 0 0.423837 1388 28 28
16.94 bindL 100.972 0 3.2907 1395 169 169
16.95 bindL 100.586 0 3.69175 1397 127 127
16.975 bindL 101.591 0 3.6653 994 104 104
16.98 unbindL 104.729 0 8.43522 7 1403 7
17.015 unbindL 101.591 0 3.6653 104 1405 104
17.015 bindL 103.223 0 6.68377 1108 100 100
17.02 bindL 101.706 0 3.8645 1405 78 78
17.05 unbindL 101.972 0 6.3541 11 1409 11
17.08 unbindL 101.119 0 6.90563 185 1411 185
17.08 bindL 100.305 0 8.26144 226 66 66
17.095 unbindL 101.484 0 7.07156 174 1414 174
17.095 bindL 101.658 0 6.52029 1411 96 96
17.105 bindL 102.772 0 5.62482 1409 155 155
17.14 bindL 101.516 0 8.34957 1414 48 48
17.145 unbindL 104.816 0 6.97171 9 1419 9
17.2 unbindL 101.706 0 3.8645 78 1421 78
17.205 bindL 102.09 0 3.62593 1421 162 162
17.21 unbindL 103.223 0 6.68377 100 1424 100
17.22 bindL 103.223 0 6.68377 1424 100 100
17.235 unbindL 101.777 0 4.19646 71 1427 71
17.255 bindL 102.4 0 5.39091 1427 61 61
17.29 unbindL 101.17 0 1.88942 126 1430 126
17.295 bindL 102.819 0 2.00909 1430 167 167
17.325 unbindL 100.895 0 0.382412 69 1433 69
17.33 bindL 101.642 0 1.26518 1433 99 99
17.345 bindL 104.848 0 3.00584 1351 179 179
17.37 unbindL 103.626 0 0.423837 28 1437 28
17.375 bindL 103.418 0 8.60039 1347 26 26
17.395 unbindL 104.588 0 4.97662 175 1440 175
17.405 bindL 104.396 0 4.40077 1440 187 187
17.44 unbindL 101.642 0 1.26518 99 1443 99
17.445 bindL 102.383 0 1.59279 1443 75 75
17.48 unbindL 102.438 0 7.36785 31 1446 31
17.495 unbindL 101.485 0 9.87376 73 1448 73
17.58 unbindL 100.972 0 3.2907 169 1450 169
17.585 unbindL 100.586 0 3.69175 127 1452 127
17.59 bindL 100.571 0 3.85891 1450 53 53
17.605 unbindL 102.084 0 2.24548 24 1455 24
17.61 bindL 101.942 0 1.56734 1455 16 16
17.615 bindL 104.48 0 3.36389 1437 82 82
17.675 unbindL 104.817 0 5.94907 63 1459 63
17.68 bindL 104.978 0 5.19802 1459 84 84
17.7 unbindL 103.223 0 6.68377 100 1462 100
17.84 unbindL 101.658 0 6.52029 96 1464 96
17.85 bindL 101.92 0 3.71801 415 200 200
17.885 unbindL 101.942 0 1.56734 16 1467 16
17.89 bindL 101.505 0 2.10895 1467 86 86
18.03 bindL 103.281 0 5.69207 1464 8 8
18.05 unbindL 104.48 0 3.36389 82 1471 82
18.05 unbindL 101.516 0 8.34957 48 1473 48
18.055 bindL 101.79 0 7.79901 1345 95 95
18.08 bindL 100.088 0 2.69258 1335 22 22
18.085 bindL 103.77 0 4.04064 1471 152 152
18.12 bindL 103.92 0 2.21734 1452 87 87
18.15 bindL 104.729 0 8.43522 375 7 7
18.16 bindL 103.396 0 6.20378 1448 94 94
18.21 unbindL 104.978 0 5.19802 84 1481 84
18.23 unbindL 101.505 0 2.10895 86 1483 86
18.24 bindL 104.978 0 5.19802 1481 84 84
18.25 bindL 101.17 0 1.88942 1483 126 126
18.255 unbindL 104.729 0 8.43522 7 1487 7
18.26 bindL 104.564 0 9.40932 1487 113 113
18.29 unbindL 103.418 0 8.60039 26 1490 26
18.295 unbindL 100.467 0 0.252163 171 1492 171
18.31 bindL 101.052 0 0.516017 1492 153 153
18.335 bindL 104.532 0 8.72922 1490 193 193
18.34 unbindL 103.77 0 4.04064 152 1496 152
18.35 bindL 104.161 0 3.84025 1496 81 81
18.385 unbindL 100.571 0 3.85891 53 1499 53
18.395 bindL 101.243 0 3.30086 1499 76 76
18.415 unbindL 103.821 0 1.59288 186 1502 186
18.435 unbindL 101.79 0 7.79901 95 1504 95
18.435 bindL 102.97 0 2.87657 1502 197 197
18.44 bindL 101.79 0 7.79901 1504 95 95
18.45 unbindL 101.758 0 4.37411 40 1508 40
18.455 bindL 101.706 0 3.8645 1508 78 78
18.535 unbindL 102.383 0 1.59279 75 1511 75
18.56 bindL 102.625 0 1.81944 1511 120 120
18.6 unbindL 103.836 0 2.96874 116 1514 116
18.605 bindL 102.448 0 2.36911 1514 107 107
18.61 unbindL 104.848 0 3.00584 179 1517 179
18.615 bindL 104.48 0 3.36389 1517 82 82
18.64 unbindL 102.901 0 7.702 170 1520 170
18.64 unbindL 104.48 0 3.36389 82 1522 82
18.645 bindL 103.329 0 8.18181 1520 6 6
18.655 unbindL 104.161 0 3.84025 81 1525 81
18.665 unbindL 101.92 0 3.71801 200 1527 200
18.67 bindL 101.569 0 5.06638 1527 80 80
18.735 unbindL 101.17 0 1.88942 126 1530 126
18.74 bindL 100.732 0 2.76344 1530 85 85
18.75 unbindL 101.569 0 5.06638 80 1533 80
18.755 unbindL 102.625 0 1.81944 120 1535 120
18.755 bindL 104.848 0 3.00584 1473 179 179
18.755 bindL 100.811 0 5.33112 1533 23 23
18.76 bindL 102.383 0 1.59279 1535 75 75
18.865 unbindL 104.978 0 5.19802 84 1540 84
18.87 bindL 103.701 0 4.72944 1540 20 20
18.89 unbindL 102.383 0 1.59279 75 1543 75
18.895 bindL 102.773 0 0.92247 1543 108 108
18.93 unbindL 101.052 0 0.516017 153 1546 153
18.96 unbindL 103.396 0 6.20378 94 1548 94
18.97 bindL 102.084 0 2.24548 1246 24 24
18.98 bindL 103.705 0 5.21077 1548 83 83
19.01 unbindL 101.706 0 3.8645 78 1552 78
19.015 bindL 101.92 0 3.71801 1552 200 200
19.115 unbindL 102.4 0 5.39091 61 1555 61
19.135 bindL 102.406 0 7.15615 1555 140 140
19.18 unbindL 101.243 0 3.30086 76 1558 76
19.205 unbindL 102.406 0 7.15615 140 1560 140
19.21 bindL 102.798 0 6.97421 1560 111 111
19.24 unbindL 102.773 0 0.92247 108 1563 108
19.245 unbindL 100.088 0 2.69258 22 1565 22
19.245 bindL 103.3 0 0.781489 1563 79 79
19.305 bindL 104.602 0 1.67324 1558 165 165
19.32 bindL 100.599 0 2.45424 1565 60 60
19.325 unbindL 102.09 0 3.62593 162 1570 162
19.33 bindL 101.706 0 3.8645 396 78 78
19.34 bindL 102.246 0 4.28879 1570 5 5
19.37 unbindL 101.706 0 3.8645 78 1574 78
19.38 unbindL 103.701 0 4.72944 20 1576 20
19.385 bindL 104.703 0 4.20378 1576 106 106
19.39 bindL 101.441 0 6.35088 1403 67 67
19.395 unbindL 102.796 0 9.46428 198 1580 198
19.485 unbindL 103.336 0 4.72388 182 1582 182
19.495 unbindL 102.772 0 5.62482 155 1584 155
19.495 bindL 102.789 0 3.17705 1525 134 134
19.495 bindL 103.785 0 5.55855 1582 131 131
19.555 unbindL 102.798 0 6.97421 111 1588 111
19.555 unbindL 100.599 0 2.45424 60 1590 60
19.56 bindL 102.589 0 7.46148 1588 159 159
19.56 bindL 100.088 0 2.69258 1590 22 22
19.565 bindL 103.852 0 9.27664 1580 41 41
19.57 unbindL 101.92 0 3.71801 200 1595 200
19.575 bindL 102.155 0 4.31402 1595 180 180
19.58 unbindL 103.785 0 5.55855 131 1598 131
19.615 unbindL 102.589 0 7.46148 159 1600 159
19.615 bindL 104.776 0 3.27161 1584 102 102
19.625 bindL 102.837 0 8.8219 1600 146 146
19.66 unbindL 103.852 0 9.27664 41 1604 41
19.745 unbindL 104.848 0 3.00584 179 1606 179
19.755 bindL 104.685 0 2.16124 1606 37 37
19.79 unbindL 104.396 0 4.40077 187 1609 187
19.805 bindL 102.335 0 8.85238 1604 29 29
19.82 bindL 103.015 0 2.73865 1609 189 189
19.875 unbindL 103.015 0 2.73865 189 1613 189
19.88 bindL 102.733 0 2.18867 1613 156 156
19.895 unbindL 104.703 0 4.20378 106 1616 106
19.905 unbindL 104.532 0 8.72922 193 1618 193
19.91 bindL 103.919 0 8.77838 1618 58 58
19.945 unbindL 102.837 0 8.8219 146 1621 146
20.015 unbindL 100.088 0 2.69258 22 1623 22
20.02 bindL 100.464 0 3.23866 1623 128 128
20.055 unbindL 100.305 0 8.26144 66 1626 66
20.21 unbindL 100.464 0 3.23866 128 1628 128
20.21 unbindL 102.155 0 4.31402 180 1630 180
20.215 bindL 101.243 0 3.30086 1628 76 76
20.215 bindL 102.4 0 3.99698 1630 125 125
20.23 bindL 101.92 0 3.71801 1598 200 200
20.265 unbindL 100.708 0 7.68808 132 1635 132
20.27 bindL 102.796 0 9.46428 1574 198 198
20.27 bindL 101.484 0 7.07156 1635 174 174
20.285 unbindL 104.602 0 1.67324 165 1639 165
20.385 unbindL 101.243 0 3.30086 76 1641 76
20.4 bindL 100.316 0 9.17574 1446 136 136
20.435 bindL 100.383 0 5.8595 1621 27 27
20.44 unbindL 104.776 0 3.27161 102 1645 102
20.45 unbindL 100.811 0 5.33112 23 1647 23
20.495 bindL 102.09 0 3.62593 1641 162 162
20.5 unbindL 102.733 0 2.18867 156 1650 156
20.505 bindL 103.015 0 2.73865 1650 189 189
20.565 unbindL 100.732 0 2.76344 85 1653 85
20.575 bindL 101.484 0 3.05018 1653 45 45
20.585 unbindL 101.92 0 3.71801 200 1656 200
20.62 bindL 102.155 0 4.31402 1656 180 180
20.645 unbindL 104.564 0 9.40932 113 1659 113
20.65 unbindL 101.441 0 6.35088 67 1661 67
20.66 bindL 104.657 0 9.48876 1659 166 166
20.66 bindL 100.992 0 6.6323 1661 43 43
20.67 bindL 104.848 0 3.00584 1645 179 179
20.68 unbindL 104.657 0 9.48876 166 1666 166
20.695 unbindL 100.383 0 5.8595 27 1668 27
20.7 unbindL 102.448 0 2.36911 107 1670 107
20.705 bindL 103.287 0 2.38583 1670 70 70
20.75 unbindL 103.3 0 0.781489 79 1673 79
20.755 bindL 103.626 0 0.423837 1673 28 28
20.77 unbindL 101.79 0 7.79901 95 1676 95
20.775 bindL 102.286 0 7.79533 1676 103 103
20.795 unbindL 102.246 0 4.28879 5 1679 5
20.805 bindL 103.836 0 2.96874 1616 116 116
20.805 bindL 101.92 0 3.71801 1679 200 200
20.87 unbindL 103.015 0 2.73865 189 1683 189
20.925 unbindL 103.287 0 2.38583 70 1685 70
20.93 unbindL 103.92 0 2.21734 87 1687 87
20.93 bindL 103.182 0 2.35451 1685 151 151
20.935 bindL 102.383 0 1.59279 1687 75 75
20.945 bindL 100.981 0 1.54106 1683 74 74
20.98 unbindL 102.4 0 3.99698 125 1692 125
20.985 bindL 101.617 0 9.05888 311 119 119
20.995 unbindL 103.836 0 2.96874 116 1695 116
21.005 bindL 103.836 0 2.96874 1695 116 116
21.085 unbindL 102.286 0 7.79533 103 1698 103
21.085 bindL 104.48 0 3.36389 1668 82 82
21.09 bindL 102.913 0 7.46242 1698 194 194
21.175 unbindL 102.97 0 2.87657 197 1702 197
21.19 unbindL 102.383 0 1.59279 75 1704 75
21.2 bindL 101.942 0 1.56734 1704 16 16
21.205 bindL 101.26 0 0.734191 1702 46 46
21.21 unbindL 102.913 0 7.46242 194 1708 194
21.215 bindL 102.286 0 7.79533 1708 103 103
21.22 unbindL 103.626 0 0.423837 28 1711 28
21.255 bindL 102.952 0 1.00588 1711 91 91
21.295 unbindL 101.92 0 3.71801 200 1714 200
21.295 bindL 101.119 0 6.90563 1666 185 185
21.3 bindL 101.706 0 3.8645 1714 78 78
21.39 unbindL 102.155 0 4.31402 180 1718 180
21.41 unbindL 100.316 0 9.17574 136 1720 136
21.41 bindL 101.758 0 4.37411 1718 40 40
21.415 unbindL 102.084 0 2.24548 24 1723 24
21.415 bindL 101.516 0 8.34957 1720 48 48
21.435 unbindL 100.981 0 1.54106 74 1726 74
21.445 bindL 102.733 0 2.18867 1723 156 156
21.45 unbindL 100.878 0 2.02557 129 1729 129
21.45 bindL 101.17 0 1.88942 1726 126 126
21.47 bindL 100.088 0 2.69258 1729 22 22
21.475 unbindL 102.09 0 3.62593 162 1733 162
21.48 bindL 102.155 0 4.31402 1733 180 180
21.485 unbindL 102.733 0 2.18867 156 1736 156
21.49 bindL 102.448 0 2.36911 1736 107 107
21.5 unbindL 102.286 0 7.79533 103 1739 103
21.5 unbindL 103.919 0 8.77838 58 1741 58
21.52 bindL 103.709 0 9.76453 1741 147 147
21.535 unbindL 103.836 0 2.96874 116 1744 116
21.56 bindL 101.642 0 1.26518 1744 99 99
21.57 unbindL 104.848 0 3.00584 179 1747 179
21.57 bindL 104.828 0 8.60991 1739 92 92
21.575 bindL 103.418 0 8.60039 1522 26 26
21.59 bindL 102.123 0 1.26553 1647 195 195
21.595 unbindL 101.26 0 0.734191 46 1752 46
21.6 bindL 100.631 0 0.123325 1752 138 138
21.705 unbindL 104.48 0 3.36389 82 1755 82
21.715 bindL 103.836 0 2.96874 1755 116 116
21.735 bindL 104.703 0 4.20378 1747 106 106
21.77 unbindL 103.836 0 2.96874 116 1759 116
21.775 bindL 103.322 0 2.87685 1759 149 149
21.88 unbindL 103.705 0 5.21077 83 1762 83
21.89 bindL 102.772 0 5.62482 1762 155 155
21.905 bindL 103.77 0 4.04064 852 152 152
21.93 unbindL 103.77 0 4.04064 152 1766 152
21.935 bindL 104.215 0 5.4986 1766 181 181
21.955 unbindL 102.772 0 5.62482 155 1769 155
21.965 bindL 101.161 0 4.86579 1769 19 19
22 unbindL 101.706 0 3.8645 78 1772 78
22.02 unbindL 102.155 0 4.31402 180 1774 180
22.025 unbindL 102.123 0 1.26553 195 1776 195
22.03 bindL 102.773 0 0.92247 1776 108 108
22.035 unbindL 103.322 0 2.87685 149 1779 149
22.045 bindL 102.246 0 4.28879 1779 5 5
22.06 unbindL 100.088 0 2.69258 22 1782 22
22.06 bindL 101.553 0 1.62627 1772 117 117
22.08 unbindL 100.631 0 0.123325 138 1785 138
22.105 bindL 101.243 0 3.30086 1782 76 76
22.135 bindL 102.4 0 3.99698 1626 125 125
22.165 unbindL 101.484 0 3.05018 45 1789 45
22.185 unbindL 103.281 0 5.69207 8 1791 8
22.19 bindL 103.281 0 5.69207 1791 8 8
22.21 unbindL 101.119 0 6.90563 185 1794 185
22.225 bindL 101.441 0 6.35088 1794 67 67
22.235 unbindL 103.329 0 8.18181 6 1797 6
22.235 bindL 102.09 0 3.62593 1789 162 162
22.24 unbindL 101.441 0 6.35088 67 1800 67
22.24 unbindL 104.703 0 4.20378 106 1802 106
22.24 bindL 103.329 0 8.18181 1797 6 6
22.26 bindL 102.153 0 5.39222 1800 123 123
22.27 bindL 104.396 0 4.40077 1802 187 187
22.31 unbindL 101.161 0 4.86579 19 1807 19
22.335 bindL 101.827 0 4.34155 1807 105 105
22.385 unbindL 102.819 0 2.00909 167 1810 167
22.4 bindL 102.733 0 2.18867 1810 156 156
22.41 unbindL 103.182 0 2.35451 151 1813 151
22.415 bindL 103.92 0 2.21734 1813 87 87
22.42 unbindL 102.733 0 2.18867 156 1816 156
22.455 unbindL 102.448 0 2.36911 107 1818 107
22.46 unbindL 102.246 0 4.28879 5 1820 5
22.46 bindL 102.97 0 2.87657 1818 197 197
22.47 bindL 102.109 0 5.06586 1820 56 56
22.5 unbindL 103.418 0 8.60039 26 1824 26
22.51 bindL 101.485 0 9.87376 1824 73 73
22.605 bindL 101.79 0 7.79901 403 95 95
22.63 unbindL 103.329 0 8.18181 6 1828 6
22.655 unbindL 101.553 0 1.62627 117 1830 117
22.665 bindL 104.657 0 9.48876 1828 166 166
22.67 unbindL 104.657 0 9.48876 166 1833 166
22.67 bindL 102.123 0 1.26553 1830 195 195
22.715 unbindL 101.79 0 7.79901 95 1836 95
22.72 bindL 101.376 0 7.22674 1836 178 178
22.76 bindL 101.79 0 7.79901 1785 95 95
22.79 unbindL 101.758 0 4.37411 40 1840 40
22.795 bindL 101.249 0 4.462 1840 176 176
22.835 unbindL 101.942 0 1.56734 16 1843 16
22.84 bindL 102.457 0 0.728137 1843 148 148
22.865 bindL 101.631 0 6.03526 1816 135 135
22.87 unbindL 102.335 0 8.85238 29 1847 29
22.875 bindL 102.335 0 8.85238 1847 29 29
22.885 unbindL 104.828 0 8.60991 92 1850 92
22.9 unbindL 102.4 0 3.99698 125 1852 125
22.905 bindL 102.178 0 5.17404 1852 89 89
22.915 bindL 100.464 0 3.23866 328 128 128
22.925 unbindL 102.109 0 5.06586 56 1856 56
22.93 bindL 101.569 0 5.06638 1856 80 80
23 unbindL 101.17 0 1.88942 126 1859 126
23.005 unbindL 101.485 0 9.87376 73 1861 73
23.005 unbindL 104.685 0 2.16124 37 1863 37
23.01 unbindL 101.249 0 4.462 176 1865 176
23.015 bindL 101.45 0 2.48971 1859 72 72
23.02 bindL 104.161 0 1.47159 1863 33 33
23.025 bindL 101.484 0 3.05018 1865 45 45
23.04 unbindL 101.484 0 3.05018 45 1870 45
23.045 bindL 104.729 0 8.43522 1850 7 7
23.05 bindL 101.706 0 3.8645 1870 78 78
23.06 unbindL 102.09 0 3.62593 162 1874 162
23.06 unbindL 101.642 0 1.26518 99 1876 99
23.11 bindL 103.418 0 8.60039 1861 26 26
23.12 bindL 101.052 0 0.516017 1876 153 153
23.155 bindL 103.821 0 1.59288 1874 186 186
23.185 unbindL 102.796 0 9.46428 198 1881 198
23.185 unbindL 102.123 0 1.26553 195 1883 195
23.19 bindL 102.162 0 9.63744 1881 47 47
23.19 bindL 101.512 0 1.6919 1883 183 183
23.195 unbindL 101.827 0 4.34155 105 1887 105
23.205 bindL 100.343 0 4.30164 1887 14 14
23.215 unbindL 103.821 0 1.59288 186 1890 186
23.22 bindL 103.821 0 1.59288 1890 186 186
23.235 unbindL 104.215 0 5.4986 181 1893 181
23.255 unbindL 102.773 0 0.92247 108 1895 108
23.265 unbindL 101.243 0 3.30086 76 1897 76
23.27 unbindL 101.484 0 7.07156 174 1899 174
23.27 bindL 101.484 0 3.05018 1897 45 45
23.275 bindL 102.406 0 7.15615 1899 140 140
23.295 bindL 103.3 0 0.781489 1895 79 79
23.3 unbindL 102.789 0 3.17705 134 1904 134
23.33 unbindL 101.376 0 7.22674 178 1906 178
23.37 unbindL 102.153 0 5.39222 123 1908 123
23.37 bindL 102.4 0 3.99698 241 125 125
23.38 bindL 102.82 0 4.92631 1908 52 52
23.425 unbindL 103.821 0 1.59288 186 1912 186
23.425 unbindL 101.512 0 1.6919 183 1914 183
23.43 bindL 100.599 0 2.45424 1914 60 60
23.47 bindL 101.491 0 9.48962 1906 77 77
23.515 bindL 100.745 0 4.65493 300 15 15
23.555 unbindL 101.516 0 8.34957 48 1919 48
23.56 bindL 102.796 0 9.46428 1893 198 198
23.575 unbindL 102.457 0 0.728137 148 1922 148
23.585 bindL 101.26 0 0.734191 1922 46 46
23.605 unbindL 102.952 0 1.00588 91 1925 91
23.625 unbindL 100.745 0 4.65493 15 1927 15
23.63 bindL 100.323 0 4.71811 1927 114 114
23.655 unbindL 104.729 0 8.43522 7 1930 7
23.675 bindL 104.816 0 6.97171 1930 9 9
23.68 bindL 101.119 0 6.90563 1919 185 185
23.765 unbindL 103.3 0 0.781489 79 1934 79
23.775 bindL 104.161 0 3.84025 243 81 81
23.78 bindL 103.861 0 0.226818 1934 115 115
23.79 unbindL 101.45 0 2.48971 72 1938 72
23.8 unbindL 101.491 0 9.48962 77 1940 77
23.815 bindL 104.564 0 9.40932 607 113 113
23.835 bindL 104.224 0 8.74576 1940 192 192
23.835 bindL 100.732 0 2.76344 1938 85 85
23.865 unbindL 102.796 0 9.46428 198 1945 198
23.885 unbindL 102.4 0 3.99698 125 1947 125
23.89 bindL 102.604 0 4.91687 1947 188 188
23.9 unbindL 101.631 0 6.03526 135 1950 135
23.915 bindL 103.223 0 6.68377 1945 100 100
23.92 unbindL 101.569 0 5.06638 80 1953 80
23.92 unbindL 100.992 0 6.6323 43 1955 43
23.925 bindL 101.631 0 6.03526 1955 135 135
23.94 unbindL 100.732 0 2.76344 85 1958 85
23.96 bindL 100.811 0 5.33112 438 23 23
23.965 unbindL 104.224 0 8.74576 192 1961 192
23.965 unbindL 102.604 0 4.91687 188 1963 188
23.97 bindL 102.4 0 5.39091 1963 61 61
23.98 bindL 103.396 0 6.20378 1774 94 94
24 unbindL 104.396 0 4.40077 187 1967 187
24.005 unbindL 101.26 0 0.734191 46 1969 46
24.01 bindL 101.642 0 1.26518 1969 99 99
24.015 unbindL 102.97 0 2.87657 197 1972 197
24.035 bindL 102.97 0 2.87657 1972 197 197
24.055 unbindL 104.161 0 1.47159 33 1975 33
24.055 bindL 102.939 0 6.73281 1961 25 25
24.075 bindL 104.611 0 4.89249 1975 141 141
24.09 unbindL 102.162 0 9.63744 47 1979 47
24.095 unbindL 101.706 0 3.8645 78 1981 78
24.105 unbindL 104.564 0 9.40932 113 1983 113
24.11 bindL 103.852 0 9.27664 1983 41 41
24.125 bindL 103.192 0 7.32806 1953 34 34
24.125 bindL 101.78 0 8.74527 1979 1 1
24.14 unbindL 101.119 0 6.90563 185 1988 185
24.145 unbindL 101.484 0 3.05018 45 1990 45
24.155 bindL 101.706 0 3.8645 1990 78 78
24.175 unbindL 101.052 0 0.516017 153 1993 153
24.18 bindL 100.925 0 1.3955 1993 12 12
24.19 unbindL 102.178 0 5.17404 89 1996 89
24.195 unbindL 103.223 0 6.68377 100 1998 100
24.205 unbindL 103.852 0 9.27664 41 2000 41
24.21 bindL 103.852 0 9.27664 2000 41 41
24.225 bindL 102.153 0 5.39222 1996 123 123
24.24 unbindL 102.4 0 5.39091 61 2004 61
24.245 bindL 102.772 0 5.62482 2004 155 155
24.28 unbindL 103.709 0 9.76453 147 2007 147
24.295 unbindL 102.153 0 5.39222 123 2009 123
24.295 bindL 103.856 0 9.53453 2007 44 44
24.315 bindL 101.136 0 5.64637 2009 177 177
24.33 bindL 104.803 0 0.64394 1981 42 42
24.335 unbindL 102.939 0 6.73281 25 2014 25
24.34 bindL 102.589 0 7.46148 2014 159 159
24.355 bindL 104.883 0 5.60217 1998 90 90
24.36 unbindL 102.772 0 5.62482 155 2018 155
24.415 unbindL 101.642 0 1.26518 99 2020 99
24.42 bindL 102.123 0 1.26553 2020 195 195
24.435 unbindL 104.161 0 3.84025 81 2023 81
24.445 bindL 104.703 0 4.20378 2023 106 106
24.465 unbindL 102.589 0 7.46148 159 2026 159
24.47 unbindL 102.82 0 4.92631 52 2028 52
24.47 bindL 104.005 0 7.25259 2026 137 137
24.48 unbindL 101.631 0 6.03526 135 2031 135
24.495 bindL 100.745 0 4.65493 2028 15 15
24.51 unbindL 103.852 0 9.27664 41 2034 41
24.515 bindL 102.846 0 9.05234 2034 199 199
24.545 unbindL 100.599 0 2.45424 60 2037 60
24.55 bindL 100.878 0 2.02557 2037 129 129
24.555 unbindL 102.846 0 9.05234 199 2040 199
24.575 unbindL 103.418 0 8.60039 26 2042 26
24.58 bindL 102.623 0 9.17805 2040 88 88
24.58 bindL 103.418 0 8.60039 2042 26 26
24.59 unbindL 102.406 0 7.15615 140 2046 140
24.6 unbindL 102.623 0 9.17805 88 2048 88
24.61 unbindL 100.878 0 2.02557 129 2050 129
24.61 bindL 102.837 0 8.8219 2048 146 146
24.64 unbindL 103.418 0 8.60039 26 2053 26
24.65 bindL 103.329 0 8.18181 2053 6 6
24.695 unbindL 104.816 0 6.97171 9 2056 9
24.695 bindL 104.48 0 3.36389 224 82 82
24.7 unbindL 104.803 0 0.64394 42 2059 42
24.7 bindL 104.848 0 6.56549 2056 101 101
24.705 bindL 102.589 0 7.46148 232 159 159
24.71 bindL 104.816 0 6.97171 1988 9 9
24.72 unbindL 104.703 0 4.20378 106 2064 106
24.725 unbindL 103.329 0 8.18181 6 2066 6
24.725 bindL 104.396 0 4.40077 2064 187 187
24.74 unbindL 103.856 0 9.53453 44 2069 44
24.77 unbindL 104.883 0 5.60217 90 2071 90
24.77 bindL 103.856 0 9.53453 2069 44 44
24.775 bindL 104.883 0 5.60217 2071 90 90
24.815 unbindL 101.78 0 8.74527 1 2075 1
24.815 unbindL 104.396 0 4.40077 187 2077 187
24.83 bindL 102.162 0 9.63744 2075 47 47
24.83 bindL 104.703 0 4.20378 2077 106 106
24.86 unbindL 104.703 0 4.20378 106 2081 106
24.865 bindL 104.703 0 4.20378 2081 106 106
24.88 unbindL 104.883 0 5.60217 90 2084 90
24.94 unbindL 102.335 0 8.85238 29 2086 29
24.945 bindL 101.78 0 8.74527 2086 1 1
24.965 bindL 102.846 0 9.05234 1967 199 199
24.97 bindL 100.037 0 4.02468 2050 98 98
24.975 unbindL 102.97 0 2.87657 197 2091 197
25.025 bindL 102.4 0 5.39091 2091 61 61
25.035 bindL 100.296 0 2.34318 263 2 2
25.05 unbindL 102.837 0 8.8219 146 2095 146
25.06 bindL 101.491 0 9.48962 2095 77 77
25.085 unbindL 104.848 0 6.56549 101 2098 101
25.085 unbindL 102.162 0 9.63744 47 2100 47
25.095 unbindL 104.816 0 6.97171 9 2102 9
25.1 bindL 104.848 0 6.56549 2098 101 101
25.105 unbindL 104.48 0 3.36389 82 2105 82
25.105 bindL 101.485 0 9.87376 2100 73 73
25.12 unbindL 103.92 0 2.21734 87 2108 87
25.125 bindL 104.333 0 1.89846 2108 59 59
25.175 unbindL 100.296 0 2.34318 2 2111 2
25.175 unbindL 101.485 0 9.87376 73 2113 73
25.18 bindL 100.296 0 2.34318 2111 2 2
25.18 bindL 100.77 0 9.81112 2113 145 145
25.205 unbindL 102.589 0 7.46148 159 2117 159
25.21 bindL 103.329 0 8.18181 2117 6 6
25.225 bindL 104.883 0 5.60217 2018 90 90
25.245 bindL 100.992 0 6.6323 2059 43 43
25.26 unbindL 102.846 0 9.05234 199 2122 199
25.27 unbindL 100.296 0 2.34318 2 2124 2
25.295 unbindL 100.811 0 5.33112 23 2126 23
25.295 unbindL 100.343 0 4.30164 14 2128 14
25.3 bindL 101.161 0 4.86579 2128 19 19
25.305 unbindL 103.281 0 5.69207 8 2131 8
25.31 bindL 102.772 0 5.62482 2131 155 155
25.325 bindL 104.564 0 9.40932 401 113 113
25.335 unbindL 101.491 0 9.48962 77 2135 77
25.345 bindL 101.485 0 9.87376 2135 73 73
25.385 unbindL 100.323 0 4.71811 114 2138 114
25.395 bindL 100.343 0 4.30164 2138 14 14
25.4 bindL 100.708 0 7.68808 2122 132 132
25.405 unbindL 101.161 0 4.86579 19 2142 19
25.44 bindL 102.733 0 2.18867 2105 156 156
25.445 bindL 101.92 0 3.71801 2142 200 200
25.45 unbindL 102.733 0 2.18867 156 2146 156
25.455 bindL 102.448 0 2.36911 2146 107 107
25.51 unbindL 102.123 0 1.26553 195 2149 195
25.55 unbindL 103.861 0 0.226818 115 2151 115
25.56 bindL 104.803 0 0.64394 2151 42 42
25.585 bindL 102.82 0 4.92631 2046 52 52
25.63 unbindL 103.329 0 8.18181 6 2155 6
25.635 bindL 102.213 0 7.93332 2155 191 191
25.675 bindL 104.685 0 2.16124 2066 37 37
25.72 unbindL 100.464 0 3.23866 128 2159 128
25.725 unbindL 102.4 0 5.39091 61 2161 61
25.73 bindL 102.604 0 4.91687 2161 188 188
25.755 bindL 103.836 0 2.96874 1950 116 116
25.76 unbindL 102.213 0 7.93332 191 2165 191
25.76 unbindL 104.848 0 6.56549 101 2167 101
25.76 bindL 102.155 0 4.31402 2159 180 180
25.765 bindL 102.913 0 7.46242 2165 194 194
25.78 bindL 104.215 0 5.4986 2167 181 181
25.8 unbindL 102.913 0 7.46242 194 2172 194
25.81 bindL 102.589 0 7.46148 2172 159 159
25.83 unbindL 100.745 0 4.65493 15 2175 15
25.84 bindL 101.249 0 4.462 2175 176 176
25.905 unbindL 104.883 0 5.60217 90 2178 90
25.925 bindL 104.094 0 5.32446 2178 130 130
25.945 unbindL 103.396 0 6.20378 94 2181 94
25.95 bindL 104.149 0 5.95593 2181 150 150
25.975 unbindL 101.92 0 3.71801 200 2184 200
26.015 unbindL 102.448 0 2.36911 107 2186 107
26.045 bindL 102.952 0 1.00588 2186 91 91
26.05 bindL 103.322 0 2.87685 2184 149 149
26.07 unbindL 104.333 0 1.89846 59 2190 59
26.075 bindL 104.161 0 1.47159 2190 33 33
26.085 unbindL 104.094 0 5.32446 130 2193 130
26.085 unbindL 101.249 0 4.462 176 2195 176
26.09 unbindL 101.706 0 3.8645 78 2197 78
26.095 unbindL 100.343 0 4.30164 14 2199 14
26.105 unbindL 102.589 0 7.46148 159 2201 159
26.11 bindL 101.777 0 4.19646 2199 71 71
26.115 bindL 101.631 0 6.03526 2195 135 135
26.12 unbindL 104.703 0 4.20378 106 2205 106
26.125 bindL 104.161 0 3.84025 2205 81 81
26.15 bindL 102.837 0 8.8219 2201 146 146
26.16 bindL 100.305 0 8.26144 214 66 66
26.24 unbindL 104.215 0 5.4986 181 2210 181
26.245 bindL 103.785 0 5.55855 2210 131 131
26.275 bindL 104.48 0 3.36389 2197 82 82
26.29 unbindL 103.785 0 5.55855 131 2214 131
26.3 unbindL 101.485 0 9.87376 73 2216 73
26.3 bindL 104.848 0 6.56549 2214 101 101
26.325 unbindL 100.708 0 7.68808 132 2219 132
26.33 bindL 100.708 0 7.68808 2219 132 132
26.37 unbindL 102.952 0 1.00588 91 2222 91
26.38 bindL 100.909 0 6.69201 2216 32 32
26.43 unbindL 104.161 0 3.84025 81 2225 81
26.455 bindL 104.883 0 5.60217 2084 90 90
26.46 bindL 103.3 0 0.781489 2222 79 79
26.48 unbindL 104.564 0 9.40932 113 2229 113
26.48 unbindL 101.136 0 5.64637 177 2231 177
26.495 bindL 104.152 0 8.956 2229 55 55
26.51 unbindL 100.992 0 6.6323 43 2234 43
26.51 unbindL 101.617 0 9.05888 119 2236 119
26.515 bindL 100.271 0 7.08224 2234 36 36
26.515 bindL 101.255 0 9.80302 2236 143 143
26.52 bindL 104.48 0 4.51903 377 3 3
26.525 unbindL 102.82 0 4.92631 52 2241 52
26.58 unbindL 103.3 0 0.781489 79 2243 79
26.585 bindL 103.18 0 0.922971 2243 112 112
26.59 bindL 103.281 0 5.69207 2124 8 8
26.605 bindL 103.372 0 4.94892 2241 124 124
26.65 unbindL 104.48 0 4.51903 3 2248 3
26.67 unbindL 104.883 0 5.60217 90 2250 90
26.675 bindL 104.817 0 5.94907 2250 63 63
26.69 bindL 101.591 0 3.6653 2248 104 104
26.72 unbindL 103.322 0 2.87685 149 2254 149
26.735 unbindL 101.631 0 6.03526 135 2256 135
26.76 bindL 104.161 0 3.84025 2254 81 81
26.765 unbindL 104.685 0 2.16124 37 2259 37
26.77 unbindL 101.591 0 3.6653 104 2261 104
26.78 bindL 104.848 0 3.00584 2259 179 179
26.805 bindL 100.723 0 1.93748 2261 110 110
26.87 unbindL 100.037 0 4.02468 98 2265 98
26.875 bindL 100.343 0 4.30164 2265 14 14
26.9 unbindL 100.305 0 8.26144 66 2268 66
26.905 bindL 101.376 0 7.22674 2268 178 178
26.935 unbindL 102.604 0 4.91687 188 2271 188
26.94 bindL 102.246 0 4.28879 2271 5 5
26.945 bindL 101.491 0 9.48962 315 77 77
26.955 unbindL 103.18 0 0.922971 112 2275 112
26.96 bindL 104.657 0 9.48876 1912 166 166
26.96 bindL 102.733 0 2.18867 2275 156 156
27.025 unbindL 104.152 0 8.956 55 2279 55
27.035 bindL 104.152 0 8.956 2279 55 55
27.115 unbindL 103.192 0 7.32806 34 2282 34
27.115 unbindL 104.848 0 3.00584 179 2284 179
27.12 bindL 103.846 0 6.50141 2282 62 62
27.13 unbindL 104.152 0 8.956 55 2287 55
27.135 bindL 103.852 0 9.27664 2287 41 41
27.14 unbindL 102.246 0 4.28879 5 2290 5
27.145 bindL 102.4 0 3.99698 2290 125 125
27.16 unbindL 104.48 0 3.36389 82 2293 82
27.165 bindL 104.776 0 3.27161 2293 102 102
27.17 unbindL 100.77 0 9.81112 145 2296 145
27.175 unbindL 101.777 0 4.19646 71 2298 71
27.175 unbindL 103.281 0 5.69207 8 2300 8
27.185 unbindL 102.837 0 8.8219 146 2302 146
27.19 bindL 100.745 0 4.65493 2298 15 15
27.235 unbindL 102.772 0 5.62482 155 2305 155
27.255 unbindL 104.803 0 0.64394 42 2307 42
27.275 bindL 104.816 0 6.97171 2256 9 9
27.28 bindL 101.92 0 3.71801 2284 200 200
27.29 bindL 102.789 0 3.17705 2300 134 134
27.295 unbindL 101.92 0 3.71801 200 2312 200
27.3 unbindL 102.155 0 4.31402 180 2314 180
27.31 bindL 102.97 0 2.87657 2312 197 197
27.345 bindL 103.731 0 6.61634 2302 168 168
27.4 unbindL 104.161 0 3.84025 81 2318 81
27.405 unbindL 103.372 0 4.94892 124 2320 124
27.425 bindL 101.706 0 3.8645 2318 78 78
27.44 unbindL 101.78 0 8.74527 1 2323 1
27.445 bindL 102.335 0 8.85238 2323 29 29
27.49 unbindL 101.376 0 7.22674 178 2326 178
27.49 bindL 100.316 0 9.17574 2126 136 136
27.52 unbindL 104.161 0 1.47159 33 2329 33
27.525 bindL 104.161 0 1.47159 2329 33 33
27.585 bindL 103.281 0 5.69207 2320 8 8
27.59 bindL 103.418 0 8.60039 2326 26 26
27.595 bindL 104.157 0 6.38744 1925 157 157
27.605 bindL 102.901 0 7.702 2149 170 170
27.615 unbindL 104.776 0 3.27161 102 2336 102
27.645 bindL 104.48 0 3.36389 2336 82 82
27.69 bindL 102.837 0 8.8219 1419 146 146
27.71 unbindL 102.4 0 3.99698 125 2340 125
27.725 unbindL 101.255 0 9.80302 143 2342 143
27.73 bindL 101.591 0 3.6653 2340 104 104
27.735 unbindL 104.149 0 5.95593 150 2345 150
27.745 unbindL 103.852 0 9.27664 41 2347 41
27.795 unbindL 100.745 0 4.65493 15 2349 15
27.8 bindL 100.341 0 4.91336 2349 118 118
27.83 unbindL 100.909 0 6.69201 32 2352 32
27.835 bindL 101.441 0 6.35088 2352 67 67
27.855 bindL 102.846 0 9.05234 2231 199 199
27.915 unbindL 103.846 0 6.50141 62 2356 62
27.92 unbindL 100.271 0 7.08224 36 2358 36
27.945 unbindL 101.441 0 6.35088 67 2360 67
27.95 bindL 101.56 0 7.21332 2360 49 49
28.02 unbindL 104.657 0 9.48876 166 2363 166
28.06 unbindL 103.418 0 8.60039 26 2365 26
28.075 bindL 103.852 0 9.27664 2363 41 41
28.095 unbindL 104.157 0 6.38744 157 2368 157
28.105 unbindL 101.591 0 3.6653 104 2370 104
28.11 bindL 100.972 0 3.2907 2356 169 169
28.135 bindL 100.571 0 3.85891 2370 53 53
28.15 unbindL 103.281 0 5.69207 8 2374 8
28.155 bindL 102.772 0 5.62482 2374 155 155
28.165 unbindL 101.79 0 7.79901 95 2377 95
28.17 bindL 101.78 0 8.74527 2365 1 1
28.175 bindL 101.516 0 8.34957 2377 48 48
28.19 unbindL 100.343 0 4.30164 14 2381 14
28.195 unbindL 104.816 0 6.97171 9 2383 9
28.2 unbindL 104.817 0 5.94907 63 2385 63
28.205 unbindL 100.723 0 1.93748 110 2387 110
28.22 bindL 103.841 0 6.82133 2383 122 122
28.23 unbindL 102.335 0 8.85238 29 2390 29
28.235 unbindL 102.846 0 9.05234 199 2392 199
28.24 unbindL 104.48 0 3.36389 82 2394 82
28.255 unbindL 101.516 0 8.34957 48 2396 48
28.265 unbindL 103.836 0 2.96874 116 2398 116
28.27 bindL 101.516 0 8.34957 2390 48 48
28.285 bindL 100.723 0 1.93748 2387 110 110
28.31 unbindL 104.161 0 1.47159 33 2402 33
28.31 bindL 102.846 0 9.05234 2396 199 199
28.33 bindL 104.149 0 5.95593 2394 150 150
28.33 bindL 104.803 0 0.64394 2402 42 42
28.345 unbindL 103.731 0 6.61634 168 2407 168
28.345 unbindL 104.848 0 6.56549 101 2409 101
28.355 bindL 103.281 0 5.69207 2407 8 8
28.37 bindL 103.846 0 6.50141 2409 62 62
28.4 unbindL 102.772 0 5.62482 155 2413 155
28.405 unbindL 103.852 0 9.27664 41 2415 41
28.41 bindL 102.82 0 4.92631 2413 52 52
28.41 bindL 104.729 0 8.43522 2415 7 7
28.42 unbindL 102.97 0 2.87657 197 2419 197
28.425 unbindL 103.846 0 6.50141 62 2421 62
28.43 bindL 104.157 0 6.38744 2421 157 157
28.44 bindL 103.671 0 5.30423 2419 109 109
28.475 unbindL 101.491 0 9.48962 77 2425 77
28.485 bindL 101.485 0 9.87376 2425 73 73
28.52 bindL 101.491 0 9.48962 2314 77 77
28.56 unbindL 104.149 0 5.95593 150 2429 150
28.56 bindL 100.586 0 3.69175 1904 127 127
28.57 unbindL 103.841 0 6.82133 122 2432 122
28.575 unbindL 100.341 0 4.91336 118 2434 118
28.575 bindL 104.267 0 7.1457 2432 142 142
28.58 unbindL 100.925 0 1.3955 12 2437 12
28.585 unbindL 100.586 0 3.69175 127 2439 127
28.6 bindL 101.45 0 2.48971 2439 72 72
28.605 unbindL 104.267 0 7.1457 142 2442 142
28.61 bindL 103.396 0 6.20378 2442 94 94
28.635 unbindL 102.789 0 3.17705 134 2445 134
28.685 unbindL 101.78 0 8.74527 1 2447 1
28.695 bindL 104.588 0 4.97662 2385 175 175
28.71 bindL 104.267 0 7.1457 2434 142 142
28.745 unbindL 100.723 0 1.93748 110 2451 110
28.755 bindL 100.925 0 1.3955 2451 12 12
28.77 bindL 104.149 0 5.95593 2445 150 150
28.86 bindL 100.305 0 8.26144 2447 66 66
28.9 unbindL 104.729 0 8.43522 7 2456 7
28.92 bindL 102.335 0 8.85238 2345 29 29
28.93 bindL 103.372 0 4.94892 2368 124 124
28.945 bindL 101.136 0 5.64637 257 177 177
28.96 unbindL 103.372 0 4.94892 124 2461 124
28.97 bindL 104.48 0 4.51903 2461 3 3
28.975 unbindL 100.708 0 7.68808 132 2464 132
28.99 bindL 101.79 0 7.79901 2464 95 95
29.01 bindL 100.745 0 4.65493 2437 15 15
29.02 bindL 100.811 0 5.33112 2392 23 23
29.055 unbindL 103.281 0 5.69207 8 2469 8
29.06 bindL 103.372 0 4.94892 2469 124 124
29.115 unbindL 100.745 0 4.65493 15 2472 15
29.12 bindL 101.249 0 4.462 2472 176 176
29.14 unbindL 102.733 0 2.18867 156 2475 156
29.16 unbindL 101.249 0 4.462 176 2477 176
29.2 bindL 103.18 0 0.922971 2429 112 112
29.205 bindL 101.17 0 1.88942 2477 126 126
29.24 unbindL 101.56 0 7.21332 49 2481 49
29.245 bindL 101.484 0 7.07156 2481 174 174
29.31 unbindL 103.18 0 0.922971 112 2484 112
29.32 bindL 103.18 0 0.922971 2484 112 112
29.33 unbindL 100.972 0 3.2907 169 2487 169
29.335 bindL 101.484 0 3.05018 2487 45 45
29.385 unbindL 101.516 0 8.34957 48 2490 48
29.39 bindL 101.78 0 8.74527 2490 1 1
29.475 unbindL 100.316 0 9.17574 136 2493 136
29.535 unbindL 103.671 0 5.30423 109 2495 109
29.535 bindL 100.043 0 1.3121 2475 51 51
29.56 bindL 104.816 0 6.97171 2495 9 9
29.57 bindL 102.913 0 7.46242 2456 194 194
29.59 unbindL 101.17 0 1.88942 126 2500 126
29.62 unbindL 100.811 0 5.33112 23 2502 23
29.625 bindL 100.811 0 5.33112 2502 23 23
29.63 unbindL 102.837 0 8.8219 146 2505 146
29.64 unbindL 100.305 0 8.26144 66 2507 66
29.64 bindL 102.162 0 9.63744 2505 47 47
29.65 unbindL 101.706 0 3.8645 78 2510 78
29.65 bindL 100.732 0 2.76344 2500 85 85
29.665 unbindL 101.484 0 7.07156 174 2513 174
29.67 bindL 101.376 0 7.22674 2513 178 178
29.675 bindL 102.4 0 3.99698 2510 125 125
29.69 unbindL 104.267 0 7.1457 142 2517 142
29.695 bindL 103.731 0 6.61634 2517 168 168
29.75 unbindL 101.485 0 9.87376 73 2520 73
29.755 bindL 100.77 0 9.81112 2520 145 145
29.765 unbindL 103.731 0 6.61634 168 2523 168
29.77 bindL 104.848 0 6.56549 2523 101 101
29.775 unbindL 100.043 0 1.3121 51 2526 51
29.81 bindL 101.942 0 1.56734 2526 16 16
29.825 unbindL 100.571 0 3.85891 53 2529 53
29.85 unbindL 104.149 0 5.95593 150 2531 150
29.875 bindL 101.631 0 6.03526 2347 135 135
29.88 bindL 103.77 0 4.04064 2531 152 152
29.9 unbindL 101.78 0 8.74527 1 2535 1
29.91 bindL 101.255 0 9.80302 2535 143 143
29.955 unbindL 101.79 0 7.79901 95 2538 95
30 unbindL 102.913 0 7.46242 194 2540 194
30 unbindL 103.77 0 4.04064 152 2542 152
