0.04 bindL 103.381 0 2.78352 235 93 93
0.09 bindL 103.123 0 3.47599 394 199 199
0.115 bindL 100.821 0 0.782561 267 38 38
0.13 unbindL 100.821 0 0.782561 38 444 38
0.18 bindL 104.267 0 5.91164 383 105 105
0.185 unbindL 104.267 0 5.91164 105 447 105
0.2 bindL 103.612 0 7.01361 447 171 171
0.26 bindL 100.041 0 3.60369 444 155 155
0.3 bindL 100.457 0 4.73675 423 134 134
0.3 bindL 102.281 0 1.61636 345 168 168
0.425 unbindL 103.381 0 2.78352 93 453 93
0.44 bindL 101.218 0 9.54692 233 76 76
0.45 bindL 101.393 0 7.58291 407 107 107
0.555 bindL 101.396 0 9.00706 260 90 90
0.57 unbindL 101.218 0 9.54692 76 458 76
0.595 bindL 101.959 0 9.57023 458 144 144
0.71 unbindL 101.393 0 7.58291 107 461 107
0.715 unbindL 101.959 0 9.57023 144 463 144
0.74 bindL 101.218 0 9.54692 463 76 76
0.78 bindL 101.189 0 4.52881 453 55 55
0.79 bindL 101.145 0 9.11176 461 22 22
0.805 bindL 101.268 0 9.8784 302 189 189
0.815 unbindL 103.612 0 7.01361 171 469 171
0.83 unbindL 101.189 0 4.52881 55 471 55
0.835 unbindL 101.218 0 9.54692 76 473 76
0.835 bindL 101.322 0 5.79659 471 198 198
0.85 bindL 100.815 0 8.71515 473 87 87
0.875 bindL 103.613 0 6.62163 469 65 65
0.9 unbindL 100.457 0 4.73675 134 478 134
0.91 bindL 100.744 0 3.17134 478 122 122
0.99 bindL 102.031 0 6.78107 273 114 114
1.01 unbindL 102.281 0 1.61636 168 482 168
1.075 unbindL 100.815 0 8.71515 87 484 87
1.08 bindL 101.097 0 8.39189 484 152 152
1.09 unbindL 101.396 0 9.00706 90 487 90
1.095 bindL 100.385 0 8.91537 487 5 5
1.15 bindL 101.035 0 5.8516 291 139 139
1.185 bindL 104.024 0 6.25982 330 81 81
1.195 bindL 101.323 0 6.66723 274 132 132
1.2 unbindL 100.041 0 3.60369 155 493 155
1.205 unbindL 100.744 0 3.17134 122 495 122
1.205 bindL 104.832 0 0.98088 406 184 184
1.22 bindL 100.797 0 1.40036 495 158 158
1.245 bindL 100.53 0 1.09733 493 52 52
1.34 bindL 104.579 0 7.50205 399 159 159
1.385 unbindL 101.145 0 9.11176 22 501 22
1.395 bindL 101.218 0 9.54692 501 76 76
1.405 unbindL 100.53 0 1.09733 52 504 52
1.41 bindL 100.53 0 1.09733 504 52 52
1.425 unbindL 103.613 0 6.62163 65 507 65
1.435 bindL 104.18 0 7.32956 507 200 200
1.515 unbindL 104.832 0 0.98088 184 510 184
1.525 bindL 104.374 0 1.93636 510 163 163
1.55 unbindL 101.097 0 8.39189 152 513 152
1.58 unbindL 103.123 0 3.47599 199 515 199
1.585 bindL 103.199 0 7.82775 513 97 97
1.605 unbindL 101.268 0 9.8784 189 518 189
1.61 bindL 101.959 0 9.57023 518 144 144
1.63 unbindL 101.323 0 6.66723 132 521 132
1.705 bindL 100.041 0 3.60369 482 155 155
1.715 unbindL 104.579 0 7.50205 159 524 159
1.72 bindL 104.616 0 7.36571 524 85 85
1.75 bindL 103.951 0 0.939337 515 100 100
1.785 bindL 100.196 0 9.25771 433 26 26
1.79 bindL 104.859 0 9.04326 327 157 157
1.835 unbindL 104.374 0 1.93636 163 530 163
1.85 bindL 104.725 0 1.49494 530 8 8
1.865 unbindL 101.218 0 9.54692 76 533 76
1.87 bindL 101.268 0 9.8784 533 189 189
1.945 bindL 104.742 0 3.97543 311 136 136
1.95 unbindL 104.616 0 7.36571 85 537 85
1.96 unbindL 101.035 0 5.8516 139 539 139
2 bindL 101.145 0 9.11176 539 22 22
2.005 unbindL 100.53 0 1.09733 52 542 52
2.01 bindL 103.097 0 4.70297 537 162 162
2.015 bindL 100.53 0 1.09733 542 52 52
2.065 unbindL 100.797 0 1.40036 158 546 158
2.07 unbindL 101.959 0 9.57023 144 548 144
2.08 bindL 101.218 0 9.54692 548 76 76
2.175 unbindL 100.196 0 9.25771 26 551 26
2.18 bindL 104.973 0 3.43293 279 103 103
2.185 unbindL 101.268 0 9.8784 189 554 189
2.19 bindL 102.494 0 9.91061 554 108 108
2.2 unbindL 104.859 0 9.04326 157 557 157
2.2 bindL 100.761 0 9.97665 551 194 194
2.2 bindL 102.365 0 6.72494 259 109 109
2.225 bindL 104.146 0 6.97263 557 63 63
2.23 unbindL 101.218 0 9.54692 76 562 76
2.235 unbindL 104.18 0 7.32956 200 564 200
2.235 bindL 100.888 0 9.6824 562 164 164
2.24 unbindL 104.973 0 3.43293 103 567 103
2.24 bindL 104.579 0 7.50205 564 159 159
2.26 unbindL 104.579 0 7.50205 159 570 159
2.26 bindL 104.953 0 3.01583 567 192 192
2.265 bindL 104.616 0 7.36571 570 85 85
2.305 unbindL 102.494 0 9.91061 108 574 108
2.31 bindL 102.494 0 9.91061 574 108 108
2.33 unbindL 104.742 0 3.97543 136 577 136
2.335 bindL 104.237 0 4.55342 577 141 141
2.355 unbindL 100.385 0 8.91537 5 580 5
2.405 unbindL 101.322 0 5.79659 198 582 198
2.56 unbindL 104.616 0 7.36571 85 584 85
2.675 unbindL 101.145 0 9.11176 22 586 22
2.68 bindL 101.218 0 9.54692 586 76 76
2.705 unbindL 104.953 0 3.01583 192 589 192
2.72 bindL 104.968 0 2.99711 589 146 146
2.74 unbindL 104.146 0 6.97263 63 592 63
2.785 bindL 104.669 0 8.05625 592 135 135
2.815 bindL 101.805 0 2.73702 582 39 39
2.925 unbindL 104.669 0 8.05625 135 596 135
2.94 bindL 103.074 0 7.9217 596 59 59
2.99 unbindL 103.074 0 7.9217 59 599 59
3.03 unbindL 100.888 0 9.6824 164 601 164
3.045 bindL 101.268 0 9.8784 601 189 189
3.085 unbindL 104.968 0 2.99711 146 604 146
3.09 bindL 104.766 0 2.60344 604 31 31
3.105 unbindL 100.53 0 1.09733 52 607 52
3.105 unbindL 100.761 0 9.97665 194 609 194
3.11 unbindL 103.951 0 0.939337 100 611 100
3.11 bindL 100.53 0 1.09733 607 52 52
3.115 unbindL 104.024 0 6.25982 81 614 81
3.115 bindL 100.815 0 8.71515 609 87 87
3.12 bindL 103.919 0 5.48269 614 186 186
3.13 bindL 103.8 0 0.18945 611 110 110
3.21 bindL 100.074 0 5.84328 546 182 182
3.23 unbindL 104.725 0 1.49494 8 620 8
3.235 bindL 104.844 0 1.61701 620 4 4
3.245 unbindL 104.237 0 4.55342 141 623 141
3.255 bindL 104.439 0 5.0209 623 145 145
3.265 unbindL 103.199 0 7.82775 97 626 97
3.265 unbindL 100.53 0 1.09733 52 628 52
3.27 bindL 103.711 0 8.20123 626 154 154
3.355 bindL 100.457 0 4.73675 364 134 134
3.405 unbindL 100.815 0 8.71515 87 632 87
3.415 bindL 103.519 0 0.780345 628 115 115
3.44 bindL 101.145 0 9.11176 632 22 22
3.495 unbindL 103.711 0 8.20123 154 636 154
3.51 bindL 102.81 0 9.77291 636 153 153
3.53 unbindL 104.439 0 5.0209 145 639 145
3.55 bindL 104.024 0 6.25982 639 81 81
3.575 bindL 104.123 0 7.86906 346 45 45
3.635 bindL 101.98 0 2.98449 329 169 169
3.65 unbindL 101.98 0 2.98449 169 644 169
3.655 bindL 101.98 0 2.98449 644 169 169
3.67 unbindL 103.919 0 5.48269 186 647 186
3.71 unbindL 101.145 0 9.11176 22 649 22
3.745 bindL 103.613 0 6.62163 647 65 65
3.805 unbindL 103.8 0 0.18945 110 652 110
3.815 bindL 104.34 0 0.260133 652 62 62
3.915 unbindL 104.123 0 7.86906 45 655 45
4 unbindL 101.218 0 9.54692 76 657 76
4.005 bindL 100.663 0 9.60136 657 40 40
4.065 unbindL 104.024 0 6.25982 81 660 81
4.07 bindL 104.786 0 6.71098 660 17 17
4.075 unbindL 102.494 0 9.91061 108 663 108
4.08 bindL 102.092 0 9.45986 663 42 42
4.17 unbindL 100.457 0 4.73675 134 666 134
4.18 unbindL 101.805 0 2.73702 39 668 39
4.185 unbindL 104.766 0 2.60344 31 670 31
4.19 bindL 100.322 0 6.51342 666 142 142
4.195 bindL 101.805 0 2.73702 668 39 39
4.245 unbindL 102.031 0 6.78107 114 674 114
4.285 unbindL 100.041 0 3.60369 155 676 155
4.29 bindL 100.744 0 3.17134 676 122 122
4.32 bindL 103.36 0 9.86492 655 130 130
4.405 unbindL 104.34 0 0.260133 62 680 62
4.415 bindL 103.94 0 0.63851 680 170 170
4.44 bindL 100.113 0 2.60208 215 94 94
4.445 bindL 104.616 0 7.36571 584 85 85
4.515 unbindL 100.113 0 2.60208 94 685 94
4.515 unbindL 103.94 0 0.63851 170 687 170
4.545 unbindL 103.613 0 6.62163 65 689 65
4.55 bindL 103.192 0 6.21658 689 165 165
4.625 bindL 101.959 0 9.57023 417 144 144
4.67 bindL 104.743 0 8.25746 201 64 64
4.71 unbindL 103.192 0 6.21658 165 694 165
4.725 unbindL 100.744 0 3.17134 122 696 122
4.725 bindL 102.943 0 7.74639 694 113 113
4.83 bindL 104.983 0 4.37323 295 15 15
4.84 unbindL 102.81 0 9.77291 153 700 153
4.85 bindL 104.388 0 9.88043 700 196 196
4.855 bindL 104.606 0 8.854 674 116 116
4.86 unbindL 104.844 0 1.61701 4 704 4
4.945 bindL 104.832 0 0.98088 704 184 184
5.01 unbindL 104.786 0 6.71098 17 707 17
5.02 unbindL 104.388 0 9.88043 196 709 196
5.025 bindL 104.859 0 9.04326 709 157 157
5.035 unbindL 103.519 0 0.780345 115 712 115
5.11 unbindL 102.943 0 7.74639 113 714 113
5.11 bindL 100.247 0 4.95963 599 95 95
5.13 bindL 104.579 0 7.50205 335 159 159
5.145 bindL 104.026 0 1.70484 712 29 29
5.16 unbindL 104.859 0 9.04326 157 719 157
5.18 unbindL 104.606 0 8.854 116 721 116
5.195 bindL 104.859 0 9.04326 721 157 157
5.22 unbindL 104.859 0 9.04326 157 724 157
5.23 bindL 104.484 0 5.505 719 160 160
5.245 unbindL 104.983 0 4.37323 15 727 15
5.29 unbindL 101.959 0 9.57023 144 729 144
5.295 bindL 101.909 0 9.30417 729 129 129
5.32 unbindL 101.98 0 2.98449 169 732 169
5.395 bindL 103.49 0 1.20067 707 51 51
5.445 unbindL 100.322 0 6.51342 142 735 142
5.455 bindL 100.238 0 5.90878 735 176 176
5.515 unbindL 102.365 0 6.72494 109 738 109
5.52 unbindL 103.097 0 4.70297 162 740 162
5.52 bindL 102.557 0 7.5701 738 148 148
5.525 bindL 103.296 0 4.30072 740 150 150
5.56 unbindL 103.36 0 9.86492 130 744 130
5.565 bindL 103.861 0 9.27204 744 161 161
5.6 unbindL 101.268 0 9.8784 189 747 189
5.605 unbindL 104.832 0 0.98088 184 749 184
5.605 bindL 101.009 0 9.92798 747 117 117
5.62 unbindL 100.663 0 9.60136 40 752 40
5.625 bindL 100.663 0 9.60136 752 40 40
5.665 bindL 102.667 0 1.13036 749 138 138
5.67 unbindL 104.484 0 5.505 160 756 160
5.675 bindL 104.439 0 5.0209 756 145 145
5.7 unbindL 103.861 0 9.27204 161 759 161
5.7 unbindL 100.238 0 5.90878 176 761 176
5.71 bindL 102.81 0 9.77291 759 153 153
5.72 bindL 102.648 0 8.56855 316 181 181
5.77 bindL 102.031 0 6.78107 761 114 114
5.79 unbindL 101.009 0 9.92798 117 766 117
5.85 unbindL 102.031 0 6.78107 114 768 114
5.86 bindL 101.143 0 6.87196 768 89 89
5.935 unbindL 101.909 0 9.30417 129 771 129
5.945 unbindL 104.026 0 1.70484 29 773 29
5.965 bindL 104.725 0 1.49494 773 8 8
5.97 bindL 100.815 0 8.71515 771 87 87
5.985 unbindL 103.49 0 1.20067 51 777 51
5.995 bindL 103.023 0 0.404527 777 44 44
6.05 unbindL 102.557 0 7.5701 148 780 148
6.08 bindL 101.323 0 6.66723 780 132 132
6.17 unbindL 104.725 0 1.49494 8 783 8
6.185 bindL 100.55 0 4.6839 649 96 96
6.185 bindL 104.374 0 1.93636 783 163 163
6.225 unbindL 104.579 0 7.50205 159 787 159
6.235 bindL 101.136 0 7.05026 766 75 75
6.24 bindL 104.579 0 7.50205 787 159 159
6.295 unbindL 101.143 0 6.87196 89 791 89
6.3 unbindL 100.815 0 8.71515 87 793 87
6.305 bindL 101.145 0 9.11176 793 22 22
6.335 unbindL 102.648 0 8.56855 181 796 181
6.335 bindL 102.549 0 8.35334 791 10 10
6.395 unbindL 103.023 0 0.404527 44 799 44
6.41 bindL 102.954 0 2.01527 799 131 131
6.435 bindL 101.202 0 0.838406 714 177 177
6.445 unbindL 100.663 0 9.60136 40 803 40
6.45 bindL 100.815 0 8.71515 803 87 87
6.475 unbindL 100.815 0 8.71515 87 806 87
6.525 bindL 103.097 0 4.70297 796 162 162
6.57 unbindL 102.092 0 9.45986 42 809 42
6.615 bindL 100.815 0 8.71515 809 87 87
6.64 bindL 103.192 0 6.21658 521 165 165
6.675 bindL 100.104 0 4.25158 806 133 133
6.7 bindL 104.953 0 3.01583 270 192 192
6.72 unbindL 100.815 0 8.71515 87 815 87
6.815 unbindL 104.374 0 1.93636 163 817 163
6.835 bindL 100.815 0 8.71515 815 87 87
6.845 bindL 104.276 0 3.05455 817 46 46
6.865 unbindL 100.55 0 4.6839 96 821 96
6.875 bindL 101.189 0 4.52881 821 55 55
6.945 unbindL 100.247 0 4.95963 95 824 95
7.05 unbindL 100.104 0 4.25158 133 826 133
7.095 bindL 103.509 0 3.01717 826 174 174
7.105 unbindL 100.074 0 5.84328 182 829 182
7.125 unbindL 104.276 0 3.05455 46 831 46
7.14 unbindL 100.815 0 8.71515 87 833 87
7.155 bindL 100.704 0 9.97127 833 127 127
7.185 bindL 104.484 0 5.505 831 160 160
7.195 unbindL 102.667 0 1.13036 138 837 138
7.2 bindL 102.21 0 0.882505 837 104 104
7.25 unbindL 100.704 0 9.97127 127 840 127
7.26 bindL 100.495 0 9.88282 840 92 92
7.275 unbindL 101.323 0 6.66723 132 843 132
7.295 unbindL 101.202 0 0.838406 177 845 177
7.31 bindL 103.183 0 8.6788 843 123 123
7.315 bindL 101.531 0 1.64495 845 98 98
7.415 unbindL 104.579 0 7.50205 159 849 159
7.42 bindL 104.669 0 8.05625 849 135 135
7.48 bindL 104.766 0 2.60344 829 31 31
7.505 unbindL 103.097 0 4.70297 162 853 162
7.515 unbindL 104.669 0 8.05625 135 855 135
7.525 bindL 100.322 0 6.51342 824 142 142
7.555 unbindL 101.531 0 1.64495 98 858 98
7.565 bindL 100.821 0 0.782561 858 38 38
7.57 unbindL 103.183 0 8.6788 123 861 123
7.615 unbindL 104.484 0 5.505 160 863 160
7.63 bindL 103.074 0 7.9217 855 59 59
7.68 unbindL 104.616 0 7.36571 85 866 85
7.745 unbindL 103.509 0 3.01717 174 868 174
7.75 bindL 104.276 0 3.05455 868 46 46
7.755 unbindL 104.276 0 3.05455 46 871 46
7.765 bindL 104.317 0 3.56153 871 99 99
7.785 unbindL 100.495 0 9.88282 92 874 92
7.79 bindL 101.396 0 9.00706 874 90 90
7.85 bindL 102.18 0 8.6204 861 166 166
7.865 unbindL 102.954 0 2.01527 131 878 131
7.87 bindL 103.381 0 2.78352 878 93 93
7.895 unbindL 103.296 0 4.30072 150 881 150
7.905 bindL 100.591 0 3.74949 236 172 172
7.91 unbindL 102.18 0 8.6204 166 884 166
7.91 bindL 101.22 0 5.1735 881 149 149
7.92 bindL 101.871 0 8.41993 884 60 60
7.935 unbindL 101.871 0 8.41993 60 888 60
7.965 unbindL 103.381 0 2.78352 93 890 93
7.97 bindL 102.954 0 2.01527 890 131 131
7.985 bindL 102.031 0 6.78107 888 114 114
8.105 unbindL 100.821 0 0.782561 38 894 38
8.115 unbindL 101.805 0 2.73702 39 896 39
8.13 bindL 100.744 0 3.17134 896 122 122
8.175 unbindL 102.21 0 0.882505 104 899 104
8.21 bindL 101.403 0 2.90105 899 128 128
8.225 unbindL 100.591 0 3.74949 172 902 172
8.245 bindL 100.113 0 2.60208 902 94 94
8.3 unbindL 101.22 0 5.1735 149 905 149
8.305 bindL 101.322 0 5.79659 905 198 198
8.43 unbindL 101.403 0 2.90105 128 908 128
8.445 bindL 100.362 0 3.93862 908 32 32
8.515 unbindL 101.189 0 4.52881 55 911 55
8.515 unbindL 104.953 0 3.01583 192 913 192
8.52 bindL 104.635 0 3.63131 913 156 156
8.525 unbindL 102.954 0 2.01527 131 916 131
8.525 unbindL 104.635 0 3.63131 156 918 156
8.54 unbindL 102.81 0 9.77291 153 920 153
8.545 bindL 100.55 0 4.6839 911 96 96
8.545 bindL 102.81 0 9.77291 920 153 153
8.6 bindL 101.489 0 2.97331 724 77 77
8.645 unbindL 104.743 0 8.25746 64 925 64
8.645 bindL 102.765 0 1.30282 916 125 125
8.675 bindL 104.31 0 9.75501 925 178 178
8.68 bindL 103.496 0 8.63255 687 37 37
8.705 unbindL 101.136 0 7.05026 75 930 75
8.72 bindL 101.143 0 6.87196 930 89 89
8.76 unbindL 101.489 0 2.97331 77 933 77
8.815 bindL 104.407 0 9.13629 358 78 78
8.82 bindL 104.484 0 5.505 894 160 160
8.85 unbindL 104.31 0 9.75501 178 937 178
8.855 bindL 103.36 0 9.86492 937 130 130
8.87 unbindL 101.322 0 5.79659 198 940 198
8.875 bindL 101.9 0 4.86552 940 57 57
8.88 unbindL 104.317 0 3.56153 99 943 99
8.885 unbindL 102.765 0 1.30282 125 945 125
8.89 bindL 102.424 0 2.12847 945 140 140
8.905 unbindL 104.439 0 5.0209 145 948 145
8.915 bindL 104.237 0 4.55342 948 141 141
8.95 unbindL 104.766 0 2.60344 31 951 31
8.955 bindL 104.766 0 2.60344 951 31 31
8.975 unbindL 103.36 0 9.86492 130 954 130
8.98 bindL 103.36 0 9.86492 954 130 130
9.02 unbindL 101.143 0 6.87196 89 957 89
9.025 bindL 101.384 0 6.0461 957 1 1
9.035 unbindL 100.322 0 6.51342 142 960 142
9.035 bindL 101.98 0 2.98449 918 169 169
9.04 bindL 100.677 0 7.00976 960 121 121
9.05 unbindL 101.98 0 2.98449 169 964 169
9.055 bindL 101.531 0 1.64495 964 98 98
9.06 unbindL 101.531 0 1.64495 98 967 98
9.065 bindL 103.296 0 4.30072 933 150 150
9.07 bindL 101.369 0 0.729018 967 137 137
9.09 unbindL 104.407 0 9.13629 78 971 78
9.095 bindL 104.31 0 9.75501 971 178 178
9.165 unbindL 104.766 0 2.60344 31 974 31
9.24 unbindL 104.484 0 5.505 160 976 160
9.25 unbindL 104.237 0 4.55342 141 978 141
9.26 bindL 104.439 0 5.0209 978 145 145
9.285 unbindL 103.296 0 4.30072 150 981 150
9.29 bindL 103.097 0 4.70297 981 162 162
9.295 unbindL 100.55 0 4.6839 96 984 96
9.325 bindL 100.532 0 4.42066 984 23 23
9.34 bindL 103.716 0 9.51638 943 179 179
9.35 unbindL 101.369 0 0.729018 137 988 137
9.355 bindL 102.218 0 0.193817 988 19 19
9.36 unbindL 103.192 0 6.21658 165 991 165
9.365 bindL 103.919 0 5.48269 991 186 186
9.39 unbindL 104.31 0 9.75501 178 994 178
9.39 bindL 104.717 0 4.22823 250 126 126
9.5 bindL 104.786 0 6.71098 696 17 17
9.56 bindL 100.247 0 4.95963 322 95 95
9.565 unbindL 100.113 0 2.60208 94 999 94
9.575 unbindL 102.549 0 8.35334 10 1001 10
9.575 unbindL 103.097 0 4.70297 162 1003 162
9.575 bindL 100.745 0 3.66059 999 106 106
9.58 bindL 102.557 0 7.5701 1001 148 148
9.58 bindL 103.296 0 4.30072 1003 150 150
9.645 unbindL 102.424 0 2.12847 140 1008 140
9.655 unbindL 103.074 0 7.9217 59 1010 59
9.655 bindL 101.805 0 2.73702 1008 39 39
9.66 bindL 102.549 0 8.35334 1010 10 10
9.665 unbindL 101.396 0 9.00706 90 1014 90
9.685 bindL 101.268 0 9.8784 1014 189 189
9.74 unbindL 100.745 0 3.66059 106 1017 106
9.75 unbindL 104.717 0 4.22823 126 1019 126
9.78 unbindL 103.496 0 8.63255 37 1021 37
9.83 bindL 100.663 0 9.60136 1021 40 40
9.845 unbindL 103.716 0 9.51638 179 1024 179
9.85 bindL 103.09 0 9.13648 1024 124 124
9.915 unbindL 102.81 0 9.77291 153 1027 153
9.935 bindL 103.496 0 8.63255 1027 37 37
9.94 bindL 101.222 0 4.25219 1017 7 7
9.985 unbindL 103.919 0 5.48269 186 1031 186
10 unbindL 101.145 0 9.11176 22 1033 22
10.015 bindL 100.888 0 9.6824 1033 164 164
10.075 unbindL 100.532 0 4.42066 23 1036 23
10.105 bindL 103.919 0 5.48269 976 186 186
10.12 unbindL 103.919 0 5.48269 186 1039 186
10.13 bindL 103.924 0 5.50028 1039 74 74
10.17 bindL 103.304 0 3.528 1036 197 197
10.175 unbindL 102.218 0 0.193817 19 1043 19
10.185 bindL 103.169 0 0.53688 1043 180 180
10.225 bindL 100.797 0 1.40036 1019 158 158
10.27 unbindL 104.439 0 5.0209 145 1047 145
10.28 bindL 104.313 0 5.35018 1047 195 195
10.31 unbindL 103.304 0 3.528 197 1050 197
10.315 bindL 101.98 0 2.98449 1050 169 169
10.41 unbindL 104.313 0 5.35018 195 1053 195
10.415 unbindL 101.222 0 4.25219 7 1055 7
10.415 bindL 104.484 0 5.505 1053 160 160
10.42 bindL 100.745 0 3.66059 1055 106 106
10.535 unbindL 103.169 0 0.53688 180 1059 180
10.54 unbindL 101.268 0 9.8784 189 1061 189
10.54 bindL 103.023 0 0.404527 1059 44 44
10.545 bindL 101.909 0 9.30417 1061 129 129
10.62 bindL 103.204 0 0.317122 343 21 21
10.625 unbindL 100.745 0 3.66059 106 1066 106
10.63 bindL 100.532 0 4.42066 1066 23 23
10.635 unbindL 102.557 0 7.5701 148 1069 148
10.65 bindL 101.393 0 7.58291 1069 107 107
10.68 unbindL 103.496 0 8.63255 37 1072 37
10.685 bindL 102.092 0 9.45986 1072 42 42
10.71 unbindL 101.9 0 4.86552 57 1075 57
10.72 unbindL 103.09 0 9.13648 124 1077 124
10.72 bindL 101.489 0 2.97331 1075 77 77
10.735 unbindL 100.744 0 3.17134 122 1080 122
10.74 unbindL 100.663 0 9.60136 40 1082 40
10.745 bindL 100.113 0 2.60208 1080 94 94
10.775 unbindL 100.113 0 2.60208 94 1085 94
10.79 bindL 101.202 0 0.838406 853 177 177
10.855 unbindL 103.924 0 5.50028 74 1088 74
10.86 bindL 102.82 0 5.13046 1088 83 83
10.865 bindL 104.579 0 7.50205 1077 159 159
10.895 unbindL 101.98 0 2.98449 169 1092 169
10.93 unbindL 100.532 0 4.42066 23 1094 23
10.935 bindL 101.487 0 0.887384 1092 191 191
10.98 bindL 101.015 0 8.13861 379 173 173
10.985 unbindL 104.786 0 6.71098 17 1098 17
11.055 unbindL 104.484 0 5.505 160 1100 160
11.09 bindL 100.385 0 8.91537 863 5 5
11.095 bindL 104.786 0 6.71098 390 17 17
11.105 bindL 104.317 0 3.56153 1100 99 99
11.155 unbindL 103.023 0 0.404527 44 1105 44
11.165 bindL 104.532 0 1.20733 1105 67 67
11.205 unbindL 104.579 0 7.50205 159 1108 159
11.21 bindL 104.616 0 7.36571 1108 85 85
11.22 bindL 102.648 0 8.56855 246 181 181
11.26 bindL 101.403 0 2.90105 355 128 128
11.345 bindL 101.143 0 6.87196 1094 89 89
11.37 unbindL 101.202 0 0.838406 177 1114 177
11.405 bindL 101.531 0 1.64495 1114 98 98
11.42 unbindL 101.805 0 2.73702 39 1117 39
11.49 unbindL 100.797 0 1.40036 158 1119 158
11.5 unbindL 101.487 0 0.887384 191 1121 191
11.52 bindL 102.218 0 0.193817 1121 19 19
11.52 bindL 100.113 0 2.60208 1119 94 94
11.585 unbindL 100.888 0 9.6824 164 1125 164
11.625 unbindL 102.092 0 9.45986 42 1127 42
11.65 bindL 101.268 0 9.8784 1125 189 189
11.66 bindL 102.494 0 9.91061 1127 108 108
11.69 unbindL 104.786 0 6.71098 17 1131 17
11.695 bindL 104.786 0 6.71098 1131 17 17
11.775 unbindL 102.218 0 0.193817 19 1134 19
11.78 unbindL 104.786 0 6.71098 17 1136 17
11.795 bindL 104.743 0 8.25746 1136 64 64
11.805 unbindL 104.616 0 7.36571 85 1139 85
11.81 unbindL 101.531 0 1.64495 98 1141 98
11.81 bindL 104.786 0 6.71098 1139 17 17
11.835 unbindL 100.113 0 2.60208 94 1144 94
11.835 bindL 101.531 0 1.64495 1141 98 98
11.84 bindL 100.744 0 3.17134 1144 122 122
11.85 unbindL 101.909 0 9.30417 129 1148 129
11.855 bindL 103.861 0 9.27204 1148 161 161
11.86 unbindL 104.317 0 3.56153 99 1151 99
11.87 bindL 104.039 0 6.25455 1134 72 72
11.895 bindL 102.765 0 1.30282 1151 125 125
11.945 unbindL 104.743 0 8.25746 64 1155 64
11.99 bindL 104.743 0 8.25746 1155 64 64
11.995 unbindL 103.36 0 9.86492 130 1158 130
12.01 bindL 104.31 0 9.75501 1158 178 178
12.025 bindL 103.069 0 9.69613 1085 112 112
12.04 unbindL 101.403 0 2.90105 128 1162 128
12.05 unbindL 100.247 0 4.95963 95 1164 95
12.05 bindL 102.281 0 1.61636 1162 168 168
12.06 unbindL 100.744 0 3.17134 122 1167 122
12.1 unbindL 103.861 0 9.27204 161 1169 161
12.105 bindL 100.745 0 3.66059 1164 106 106
12.105 bindL 103.861 0 9.27204 1169 161 161
12.255 unbindL 101.268 0 9.8784 189 1173 189
12.255 unbindL 102.648 0 8.56855 181 1175 181
12.26 unbindL 100.677 0 7.00976 121 1177 121
12.265 unbindL 103.296 0 4.30072 150 1179 150
12.265 bindL 101.091 0 9.76919 1173 73 73
12.265 bindL 103.183 0 8.6788 1175 123 123
12.265 bindL 100.322 0 6.51342 1177 142 142
12.27 bindL 102.858 0 4.1675 1179 102 102
12.275 unbindL 104.31 0 9.75501 178 1185 178
12.28 bindL 100.17 0 4.92709 1167 50 50
12.28 bindL 104.388 0 9.88043 1185 196 196
12.295 bindL 101.222 0 4.25219 242 7 7
12.335 unbindL 104.743 0 8.25746 64 1190 64
12.365 unbindL 102.858 0 4.1675 102 1192 102
12.37 bindL 101.9 0 4.86552 1192 57 57
12.395 unbindL 102.281 0 1.61636 168 1195 168
12.4 unbindL 100.385 0 8.91537 5 1197 5
12.405 bindL 103.611 0 1.8961 1195 14 14
12.45 bindL 102.18 0 8.6204 1197 166 166
12.455 unbindL 101.9 0 4.86552 57 1201 57
12.455 unbindL 102.18 0 8.6204 166 1203 166
12.46 bindL 102.433 0 6.3393 1201 185 185
12.47 bindL 103.711 0 8.20123 1203 154 154
12.485 unbindL 104.532 0 1.20733 67 1207 67
12.49 bindL 104.532 0 1.20733 1207 67 67
12.505 unbindL 102.82 0 5.13046 83 1210 83
12.51 bindL 103.097 0 4.70297 1210 162 162
12.545 unbindL 102.765 0 1.30282 125 1213 125
12.545 unbindL 100.745 0 3.66059 106 1215 106
12.55 bindL 102.954 0 2.01527 1213 131 131
12.56 bindL 100.104 0 4.25158 1215 133 133
12.575 unbindL 101.015 0 8.13861 173 1219 173
12.58 unbindL 103.611 0 1.8961 14 1221 14
12.595 bindL 104.766 0 2.60344 1221 31 31
12.615 unbindL 101.222 0 4.25219 7 1224 7
12.655 unbindL 102.954 0 2.01527 131 1226 131
12.685 bindL 101.79 0 3.9048 1224 188 188
12.705 bindL 103.169 0 0.53688 1226 180 180
12.715 unbindL 103.861 0 9.27204 161 1230 161
12.72 bindL 103.716 0 8.66818 1230 24 24
12.745 unbindL 101.79 0 3.9048 188 1233 188
12.785 unbindL 100.17 0 4.92709 50 1235 50
12.79 bindL 100.457 0 4.73675 1235 134 134
12.835 unbindL 103.069 0 9.69613 112 1238 112
12.845 bindL 104.31 0 9.75501 1238 178 178
12.87 unbindL 100.457 0 4.73675 134 1241 134
12.89 bindL 100.457 0 4.73675 1241 134 134
12.965 bindL 101.98 0 2.98449 974 169 169
12.97 unbindL 100.322 0 6.51342 142 1245 142
12.975 bindL 100.238 0 5.90878 1245 176 176
13.04 unbindL 104.31 0 9.75501 178 1248 178
13.05 bindL 103.716 0 9.51638 1248 179 179
13.085 unbindL 103.169 0 0.53688 180 1251 180
13.09 bindL 103.519 0 0.780345 1251 115 115
13.1 unbindL 101.98 0 2.98449 169 1254 169
13.12 unbindL 101.531 0 1.64495 98 1256 98
13.12 bindL 101.403 0 2.90105 1254 128 128
13.13 bindL 100.797 0 1.40036 1256 158 158
13.155 unbindL 100.362 0 3.93862 32 1260 32
13.165 bindL 100.532 0 4.42066 1260 23 23
13.205 unbindL 101.384 0 6.0461 1 1263 1
13.21 bindL 101.02 0 5.54622 1263 3 3
13.215 unbindL 104.532 0 1.20733 67 1266 67
13.305 unbindL 103.711 0 8.20123 154 1268 154
13.32 unbindL 103.204 0 0.317122 21 1270 21
13.34 bindL 103.895 0 0.382664 1270 119 119
13.36 bindL 103.192 0 6.21658 1268 165 165
13.375 bindL 100.17 0 4.92709 1082 50 50
13.41 unbindL 101.403 0 2.90105 128 1275 128
13.415 bindL 100.744 0 3.17134 1275 122 122
13.44 bindL 104.313 0 5.35018 247 195 195
13.465 unbindL 103.097 0 4.70297 162 1279 162
13.495 bindL 101.189 0 4.52881 1098 55 55
13.55 unbindL 100.532 0 4.42066 23 1282 23
13.555 bindL 101.711 0 1.66607 1266 48 48
13.585 bindL 100.074 0 5.84328 1282 182 182
13.69 unbindL 104.388 0 9.88043 196 1286 196
13.71 unbindL 102.433 0 6.3393 185 1288 185
13.71 unbindL 101.393 0 7.58291 107 1290 107
13.715 bindL 103.861 0 9.27204 1286 161 161
13.715 bindL 100.909 0 7.32223 1290 151 151
13.72 unbindL 101.091 0 9.76919 73 1294 73
13.725 bindL 101.268 0 9.8784 1294 189 189
13.77 bindL 104.484 0 5.505 206 160 160
13.79 unbindL 103.716 0 8.66818 24 1298 24
13.795 bindL 103.496 0 8.63255 1298 37 37
13.8 unbindL 104.786 0 6.71098 17 1301 17
13.8 unbindL 104.484 0 5.505 160 1303 160
13.805 bindL 104.267 0 5.91164 1303 105 105
13.815 unbindL 102.031 0 6.78107 114 1306 114
13.825 bindL 104.435 0 6.30381 1301 12 12
13.875 unbindL 100.457 0 4.73675 134 1309 134
13.875 unbindL 100.797 0 1.40036 158 1311 158
13.88 bindL 100.55 0 4.6839 1309 96 96
13.885 unbindL 100.238 0 5.90878 176 1314 176
13.915 unbindL 100.104 0 4.25158 133 1316 133
13.925 bindL 100.457 0 4.73675 1316 134 134
13.93 unbindL 100.457 0 4.73675 134 1319 134
13.935 unbindL 103.192 0 6.21658 165 1321 165
13.94 bindL 104.024 0 6.25982 1321 81 81
13.95 bindL 104.844 0 1.61701 1311 4 4
13.96 unbindL 100.909 0 7.32223 151 1325 151
13.965 bindL 101.035 0 5.8516 1319 139 139
13.995 unbindL 101.035 0 5.8516 139 1328 139
14.005 bindL 101.389 0 6.60435 1328 175 175
14.01 bindL 100.322 0 6.51342 1314 142 142
14.025 bindL 100.238 0 5.90878 1325 176 176
14.04 unbindL 104.844 0 1.61701 4 1333 4
14.045 bindL 104.725 0 1.49494 1333 8 8
14.08 unbindL 100.074 0 5.84328 182 1336 182
14.09 unbindL 104.313 0 5.35018 195 1338 195
14.135 unbindL 100.17 0 4.92709 50 1340 50
14.14 unbindL 100.238 0 5.90878 176 1342 176
14.145 bindL 100.238 0 5.90878 1342 176 176
14.18 unbindL 103.496 0 8.63255 37 1345 37
14.185 unbindL 100.322 0 6.51342 142 1347 142
14.19 bindL 100.677 0 7.00976 1347 121 121
14.195 bindL 103.023 0 0.404527 1336 44 44
14.205 unbindL 101.143 0 6.87196 89 1351 89
14.22 unbindL 100.677 0 7.00976 121 1353 121
14.235 bindL 100.532 0 4.42066 1353 23 23
14.24 unbindL 101.189 0 4.52881 55 1356 55
14.245 unbindL 100.532 0 4.42066 23 1358 23
14.245 bindL 101.79 0 3.9048 1356 188 188
14.25 bindL 100.104 0 4.25158 1358 133 133
14.33 unbindL 101.02 0 5.54622 3 1362 3
14.35 bindL 102.989 0 2.80365 1345 61 61
14.47 unbindL 104.766 0 2.60344 31 1365 31
14.49 unbindL 104.267 0 5.91164 105 1367 105
14.57 unbindL 102.989 0 2.80365 61 1369 61
14.6 unbindL 104.725 0 1.49494 8 1371 8
14.605 bindL 104.44 0 0.753278 1371 34 34
14.715 unbindL 101.389 0 6.60435 175 1374 175
14.725 bindL 100.682 0 6.73612 1374 80 80
14.73 unbindL 102.494 0 9.91061 108 1377 108
14.74 bindL 102.092 0 9.45986 1377 42 42
14.87 unbindL 104.435 0 6.30381 12 1380 12
14.895 unbindL 104.024 0 6.25982 81 1382 81
14.895 bindL 104.064 0 5.50525 1380 71 71
14.91 unbindL 101.268 0 9.8784 189 1385 189
14.92 bindL 101.959 0 9.57023 1385 144 144
15.02 unbindL 100.238 0 5.90878 176 1388 176
15.035 bindL 100.17 0 4.92709 1388 50 50
15.075 unbindL 100.55 0 4.6839 96 1391 96
15.08 bindL 101.22 0 5.1735 1391 149 149
15.24 bindL 101.02 0 5.54622 1367 3 3
15.38 unbindL 102.549 0 8.35334 10 1395 10
15.38 unbindL 104.039 0 6.25455 72 1397 72
15.385 bindL 102.18 0 8.6204 1395 166 166
15.4 bindL 103.924 0 5.50028 1397 74 74
15.52 unbindL 100.17 0 4.92709 50 1401 50
15.525 bindL 101.98 0 2.98449 1362 169 169
15.555 bindL 100.17 0 4.92709 1401 50 50
15.605 bindL 103.36 0 9.86492 1382 130 130
15.64 unbindL 102.18 0 8.6204 166 1406 166
15.645 bindL 101.396 0 9.00706 1406 90 90
15.675 unbindL 100.17 0 4.92709 50 1409 50
15.685 bindL 104.039 0 6.25455 239 72 72
15.7 unbindL 101.396 0 9.00706 90 1412 90
15.705 bindL 101.909 0 9.30417 1412 129 129
15.715 unbindL 101.711 0 1.66607 48 1415 48
15.72 bindL 100.113 0 2.60208 1415 94 94
15.725 unbindL 101.98 0 2.98449 169 1418 169
15.73 bindL 100.17 0 4.92709 1409 50 50
15.76 unbindL 101.22 0 5.1735 149 1421 149
15.79 unbindL 104.039 0 6.25455 72 1423 72
15.805 bindL 100.532 0 4.42066 1421 23 23
15.815 unbindL 103.519 0 0.780345 115 1426 115
15.835 bindL 102.954 0 2.01527 1369 131 131
15.85 unbindL 100.104 0 4.25158 133 1429 133
15.855 bindL 100.362 0 3.93862 1429 32 32
15.885 bindL 100.53 0 1.09733 1426 52 52
15.905 unbindL 100.682 0 6.73612 80 1433 80
15.905 bindL 100.041 0 3.60369 1423 155 155
15.92 unbindL 100.362 0 3.93862 32 1436 32
15.94 bindL 100.745 0 3.66059 1436 106 106
15.95 bindL 103.09 0 9.13648 1288 124 124
15.955 unbindL 100.041 0 3.60369 155 1440 155
15.985 bindL 100.03 0 1.10918 1440 84 84
16.07 unbindL 103.09 0 9.13648 124 1443 124
16.075 bindL 103.069 0 9.69613 1443 112 112
16.115 unbindL 100.113 0 2.60208 94 1446 94
16.115 unbindL 103.716 0 9.51638 179 1448 179
16.12 bindL 103.496 0 8.63255 1448 37 37
16.145 bindL 104.407 0 9.13629 437 78 78
16.15 unbindL 100.744 0 3.17134 122 1452 122
16.15 bindL 101.805 0 2.73702 1446 39 39
16.155 bindL 101.531 0 1.64495 1452 98 98
16.17 unbindL 100.532 0 4.42066 23 1456 23
16.18 bindL 100.041 0 3.60369 1456 155 155
16.195 unbindL 104.44 0 0.753278 34 1459 34
16.205 bindL 103.204 0 0.317122 1459 21 21
16.24 bindL 103.202 0 9.31508 1306 70 70
16.28 unbindL 103.924 0 5.50028 74 1463 74
16.32 bindL 104.237 0 4.55342 1433 141 141
16.335 unbindL 101.02 0 5.54622 3 1466 3
16.34 bindL 104.766 0 2.60344 1219 31 31
16.34 bindL 101.322 0 5.79659 1466 198 198
16.345 unbindL 100.17 0 4.92709 50 1470 50
16.35 unbindL 100.745 0 3.66059 106 1472 106
16.35 unbindL 101.909 0 9.30417 129 1474 129
16.355 bindL 102.494 0 9.91061 1474 108 108
16.365 unbindL 103.204 0 0.317122 21 1477 21
16.37 unbindL 104.064 0 5.50525 71 1479 71
16.385 unbindL 100.041 0 3.60369 155 1481 155
16.4 bindL 100.041 0 3.60369 1481 155 155
16.425 bindL 101.711 0 1.66607 1472 48 48
16.43 unbindL 100.03 0 1.10918 84 1485 84
16.435 unbindL 104.237 0 4.55342 141 1487 141
16.44 bindL 100.362 0 3.93862 1470 32 32
16.45 unbindL 103.023 0 0.404527 44 1490 44
16.455 bindL 103.204 0 0.317122 1490 21 21
16.465 bindL 103.304 0 3.528 1487 197 197
16.5 unbindL 103.496 0 8.63255 37 1494 37
16.505 bindL 103.09 0 9.13648 1494 124 124
16.54 unbindL 101.959 0 9.57023 144 1497 144
16.545 bindL 101.959 0 9.57023 1497 144 144
16.565 unbindL 103.202 0 9.31508 70 1500 70
16.565 unbindL 100.041 0 3.60369 155 1502 155
16.57 bindL 100.591 0 3.74949 1502 172 172
16.615 unbindL 100.591 0 3.74949 172 1505 172
16.625 unbindL 100.362 0 3.93862 32 1507 32
16.645 bindL 102.424 0 2.12847 342 140 140
16.655 bindL 101.403 0 2.90105 1507 128 128
16.66 unbindL 100.53 0 1.09733 52 1511 52
16.68 unbindL 101.959 0 9.57023 144 1513 144
16.695 bindL 101.787 0 0.226844 1365 88 88
16.695 bindL 100.03 0 1.10918 1511 84 84
16.725 bindL 100.55 0 4.6839 1505 96 96
16.8 unbindL 103.183 0 8.6788 123 1518 123
16.805 bindL 103.202 0 9.31508 1518 70 70
16.855 bindL 104.267 0 5.91164 1500 105 105
16.915 unbindL 101.403 0 2.90105 128 1522 128
16.92 unbindL 103.09 0 9.13648 124 1524 124
16.94 bindL 103.711 0 8.20123 1524 154 154
16.98 bindL 101.323 0 6.66723 421 132 132
16.99 unbindL 102.954 0 2.01527 131 1528 131
16.995 bindL 103.49 0 1.20067 1528 51 51
17.015 unbindL 103.711 0 8.20123 154 1531 154
17.055 unbindL 103.861 0 9.27204 161 1533 161
17.06 bindL 103.716 0 8.66818 1531 24 24
17.065 unbindL 102.494 0 9.91061 108 1536 108
17.065 unbindL 101.711 0 1.66607 48 1538 48
17.07 bindL 103.716 0 9.51638 1533 179 179
17.085 bindL 103.09 0 9.13648 1536 124 124
17.115 bindL 101.9 0 4.86552 314 57 57
17.125 unbindL 103.49 0 1.20067 51 1543 51
17.13 bindL 102.218 0 0.193817 1522 19 19
17.14 bindL 103.519 0 0.780345 1543 115 115
17.145 unbindL 101.805 0 2.73702 39 1547 39
17.165 unbindL 104.766 0 2.60344 31 1549 31
17.17 unbindL 103.09 0 9.13648 124 1551 124
17.17 bindL 104.983 0 3.97147 1549 187 187
17.175 bindL 103.09 0 9.13648 1551 124 124
17.195 unbindL 101.531 0 1.64495 98 1555 98
17.27 bindL 101.222 0 4.25219 1555 7 7
17.36 bindL 104.766 0 2.60344 378 31 31
17.375 unbindL 100.55 0 4.6839 96 1559 96
17.38 bindL 100.362 0 3.93862 1559 32 32
17.41 bindL 104.064 0 5.50525 232 71 71
17.525 unbindL 104.267 0 5.91164 105 1563 105
17.555 bindL 104.786 0 6.71098 1563 17 17
17.605 unbindL 101.489 0 2.97331 77 1566 77
17.635 bindL 103.781 0 3.90548 1547 193 193
17.65 unbindL 101.9 0 4.86552 57 1569 57
17.655 bindL 102.59 0 4.61154 1569 147 147
17.7 bindL 104.859 0 9.04326 1479 157 157
17.72 unbindL 104.786 0 6.71098 17 1573 17
17.735 bindL 102.886 0 3.25823 1566 27 27
17.755 unbindL 102.424 0 2.12847 140 1576 140
17.765 bindL 101.805 0 2.73702 1576 39 39
17.785 bindL 101.98 0 2.98449 1418 169 169
17.87 unbindL 101.79 0 3.9048 188 1580 188
17.875 bindL 103.296 0 4.30072 1580 150 150
17.88 unbindL 103.204 0 0.317122 21 1583 21
17.885 unbindL 103.716 0 9.51638 179 1585 179
17.89 unbindL 101.805 0 2.73702 39 1587 39
17.895 bindL 103.944 0 0.898324 1583 190 190
17.905 bindL 101.805 0 2.73702 1587 39 39
17.925 bindL 102.81 0 9.77291 1585 153 153
17.93 unbindL 103.944 0 0.898324 190 1592 190
17.935 bindL 104.532 0 1.20733 1592 67 67
17.945 unbindL 102.092 0 9.45986 42 1595 42
17.95 bindL 101.959 0 9.57023 1595 144 144
17.955 unbindL 104.532 0 1.20733 67 1598 67
17.96 unbindL 104.407 0 9.13629 78 1600 78
17.97 bindL 104.606 0 8.854 1600 116 116
18.005 unbindL 103.781 0 3.90548 193 1603 193
18.01 unbindL 101.805 0 2.73702 39 1605 39
18.015 bindL 103.781 0 3.90548 1603 193 193
18.015 bindL 102.989 0 2.80365 1605 61 61
18.02 unbindL 103.09 0 9.13648 124 1609 124
18.03 bindL 102.648 0 8.56855 1609 181 181
18.1 unbindL 103.069 0 9.69613 112 1612 112
18.105 bindL 103.069 0 9.69613 1612 112 112
18.145 unbindL 104.859 0 9.04326 157 1615 157
18.165 unbindL 100.362 0 3.93862 32 1617 32
18.17 bindL 100.104 0 4.25158 1617 133 133
18.175 bindL 103.716 0 9.51638 1615 179 179
18.2 unbindL 101.98 0 2.98449 169 1621 169
18.205 bindL 103.123 0 3.47599 1621 199 199
18.21 unbindL 104.766 0 2.60344 31 1624 31
18.255 unbindL 103.716 0 8.66818 24 1626 24
18.265 unbindL 101.787 0 0.226844 88 1628 88
18.265 unbindL 102.648 0 8.56855 181 1630 181
18.285 unbindL 103.895 0 0.382664 119 1632 119
18.295 unbindL 103.781 0 3.90548 193 1634 193
18.3 bindL 104.439 0 5.0209 1634 145 145
18.32 unbindL 102.81 0 9.77291 153 1637 153
18.33 bindL 104.34 0 0.260133 1632 62 62
18.33 bindL 102.81 0 9.77291 1637 153 153
18.35 unbindL 104.34 0 0.260133 62 1641 62
18.36 unbindL 102.218 0 0.193817 19 1643 19
18.365 bindL 103.204 0 0.317122 1643 21 21
18.38 bindL 101.871 0 8.41993 1598 60 60
18.395 bindL 102.82 0 5.13046 243 83 83
18.46 unbindL 103.36 0 9.86492 130 1648 130
18.465 bindL 103.36 0 9.86492 1648 130 130
18.48 bindL 101.487 0 0.887384 1628 191 191
18.55 unbindL 101.959 0 9.57023 144 1652 144
18.555 unbindL 103.296 0 4.30072 150 1654 150
18.555 bindL 101.097 0 8.39189 1652 152 152
18.565 unbindL 102.82 0 5.13046 83 1657 83
18.57 bindL 102.182 0 4.34612 1657 167 167
18.59 unbindL 103.204 0 0.317122 21 1660 21
18.605 bindL 103.924 0 5.50028 1654 74 74
18.61 unbindL 104.606 0 8.854 116 1663 116
18.61 bindL 103.951 0 0.939337 1660 100 100
18.615 unbindL 101.322 0 5.79659 198 1666 198
18.615 bindL 104.407 0 9.13629 1663 78 78
18.62 unbindL 100.104 0 4.25158 133 1669 133
18.665 unbindL 102.59 0 4.61154 147 1671 147
18.67 unbindL 100.03 0 1.10918 84 1673 84
18.685 bindL 102.858 0 4.1675 1671 102 102
18.69 unbindL 103.716 0 9.51638 179 1676 179
18.695 bindL 104.397 0 9.2081 1676 30 30
18.76 unbindL 101.487 0 0.887384 191 1679 191
18.79 bindL 101.494 0 0.821889 1679 111 111
18.8 bindL 100.972 0 8.37327 1117 143 143
18.845 bindL 100.322 0 6.51342 1666 142 142
18.855 unbindL 101.871 0 8.41993 60 1684 60
18.855 bindL 100.591 0 3.74949 1538 172 172
18.86 bindL 101.393 0 7.58291 1684 107 107
18.88 unbindL 103.36 0 9.86492 130 1688 130
18.885 unbindL 100.322 0 6.51342 142 1690 142
18.89 bindL 100.238 0 5.90878 1690 176 176
18.905 bindL 102.494 0 9.91061 1688 108 108
18.92 unbindL 103.202 0 9.31508 70 1694 70
18.94 bindL 102.18 0 8.6204 1694 166 166
18.975 unbindL 104.983 0 3.97147 187 1697 187
18.975 unbindL 100.972 0 8.37327 143 1699 143
18.975 unbindL 101.097 0 8.39189 152 1701 152
18.98 bindL 101.097 0 8.39189 1701 152 152
19.02 bindL 100.663 0 9.60136 1699 40 40
19.025 unbindL 102.81 0 9.77291 153 1705 153
19.025 bindL 101.871 0 8.41993 1630 60 60
19.03 bindL 103.716 0 9.51638 1705 179 179
19.075 unbindL 103.123 0 3.47599 199 1709 199
19.08 bindL 103.547 0 3.34646 1709 47 47
19.12 unbindL 103.069 0 9.69613 112 1712 112
19.12 bindL 104.34 0 0.260133 1641 62 62
19.125 bindL 103.202 0 9.31508 1712 70 70
19.165 unbindL 102.18 0 8.6204 166 1716 166
19.17 bindL 100.888 0 9.6824 1697 164 164
19.175 unbindL 103.547 0 3.34646 47 1719 47
19.195 unbindL 100.663 0 9.60136 40 1721 40
19.2 bindL 104.973 0 3.43293 1719 103 103
19.2 bindL 100.704 0 9.97127 1721 127 127
19.235 unbindL 101.871 0 8.41993 60 1725 60
19.235 bindL 102.433 0 6.3393 1669 185 185
19.24 bindL 101.015 0 8.13861 1725 173 173
19.25 unbindL 102.858 0 4.1675 102 1729 102
19.305 unbindL 102.433 0 6.3393 185 1731 185
19.315 bindL 101.9 0 4.86552 1731 57 57
19.395 unbindL 103.519 0 0.780345 115 1734 115
19.405 bindL 103.8 0 0.18945 1734 110 110
19.455 unbindL 103.716 0 9.51638 179 1737 179
19.46 bindL 100.074 0 5.84328 304 182 182
19.47 unbindL 103.951 0 0.939337 100 1740 100
19.49 bindL 104.146 0 6.97263 1737 63 63
19.495 unbindL 101.097 0 8.39189 152 1743 152
19.495 bindL 102.433 0 6.3393 1729 185 185
19.5 bindL 100.909 0 7.32223 1743 151 151
19.505 unbindL 100.591 0 3.74949 172 1747 172
19.51 bindL 100.104 0 4.25158 1747 133 133
19.515 unbindL 101.494 0 0.821889 111 1750 111
19.535 bindL 103.069 0 9.69613 1624 112 112
19.57 bindL 101.202 0 0.838406 1750 177 177
19.685 unbindL 100.704 0 9.97127 127 1754 127
19.715 bindL 100.744 0 3.17134 1626 122 122
19.735 unbindL 100.074 0 5.84328 182 1757 182
19.735 bindL 100.113 0 2.60208 248 94 94
19.74 unbindL 100.909 0 7.32223 151 1760 151
19.835 unbindL 100.238 0 5.90878 176 1762 176
19.855 bindL 100.17 0 4.92709 1757 50 50
19.895 unbindL 102.182 0 4.34612 167 1765 167
19.9 bindL 103.781 0 3.90548 1765 193 193
19.915 unbindL 101.202 0 0.838406 177 1768 177
19.92 bindL 100.53 0 1.09733 1768 52 52
19.925 unbindL 104.439 0 5.0209 145 1771 145
19.965 unbindL 104.064 0 5.50525 71 1773 71
19.965 bindL 103.547 0 3.34646 1771 47 47
19.97 unbindL 104.146 0 6.97263 63 1776 63
19.99 bindL 104.616 0 7.36571 1754 85 85
20.01 unbindL 102.886 0 3.25823 27 1779 27
20.01 bindL 103.199 0 7.82775 1773 97 97
20.03 unbindL 103.924 0 5.50028 74 1782 74
20.03 bindL 102.182 0 4.34612 1779 167 167
20.045 unbindL 104.407 0 9.13629 78 1785 78
20.05 bindL 103.24 0 6.23193 1782 69 69
20.05 bindL 104.606 0 8.854 1785 116 116
20.06 unbindL 100.17 0 4.92709 50 1789 50
20.065 bindL 100.247 0 4.95963 1789 95 95
20.075 unbindL 100.104 0 4.25158 133 1792 133
20.145 unbindL 103.304 0 3.528 197 1794 197
20.18 unbindL 100.247 0 4.95963 95 1796 95
20.185 bindL 103.304 0 3.528 1794 197 197
20.22 unbindL 100.113 0 2.60208 94 1799 94
20.22 unbindL 103.781 0 3.90548 193 1801 193
20.25 unbindL 104.34 0 0.260133 62 1803 62
20.3 bindL 104.064 0 5.50525 1799 71 71
20.315 unbindL 103.24 0 6.23193 69 1806 69
20.325 bindL 103.192 0 6.21658 1806 165 165
20.335 unbindL 104.616 0 7.36571 85 1809 85
20.345 bindL 104.832 0 0.98088 1803 184 184
20.39 bindL 101.98 0 2.98449 1796 169 169
20.405 unbindL 103.069 0 9.69613 112 1813 112
20.435 bindL 103.496 0 8.63255 1809 37 37
20.455 bindL 101.097 0 8.39189 1813 152 152
20.475 bindL 101.145 0 9.11176 1673 22 22
20.54 unbindL 102.182 0 4.34612 167 1818 167
20.55 bindL 101.189 0 4.52881 1818 55 55
20.61 unbindL 103.304 0 3.528 197 1821 197
20.62 bindL 102.701 0 4.46589 1821 25 25
20.66 unbindL 100.888 0 9.6824 164 1824 164
20.66 unbindL 102.989 0 2.80365 61 1826 61
20.675 bindL 102.858 0 4.1675 1826 102 102
20.68 bindL 100.196 0 9.25771 1824 26 26
20.7 unbindL 101.393 0 7.58291 107 1830 107
20.71 bindL 102.18 0 8.6204 1830 166 166
20.715 unbindL 101.015 0 8.13861 173 1833 173
20.72 unbindL 101.98 0 2.98449 169 1835 169
20.725 bindL 101.403 0 2.90105 1835 128 128
20.77 unbindL 100.196 0 9.25771 26 1838 26
20.775 bindL 104.579 0 7.50205 1833 159 159
20.785 bindL 100.196 0 9.25771 1838 26 26
20.885 unbindL 101.9 0 4.86552 57 1842 57
20.895 bindL 101.861 0 5.71004 1463 56 56
20.9 bindL 103.214 0 4.79642 1842 79 79
20.955 unbindL 102.701 0 4.46589 25 1846 25
20.995 bindL 100.55 0 4.6839 1513 96 96
21.005 unbindL 101.097 0 8.39189 152 1849 152
21.015 unbindL 104.606 0 8.854 116 1851 116
21.02 bindL 100.704 0 9.97127 1849 127 127
21.02 bindL 104.407 0 9.13629 1851 78 78
21.05 unbindL 100.196 0 9.25771 26 1855 26
21.06 unbindL 104.064 0 5.50525 71 1857 71
21.06 bindL 100.663 0 9.60136 1855 40 40
21.065 bindL 104.237 0 4.55342 1857 141 141
21.075 bindL 103.49 0 1.20067 370 51 51
21.11 unbindL 101.145 0 9.11176 22 1862 22
21.12 bindL 101.396 0 9.00706 1862 90 90
21.14 unbindL 101.323 0 6.66723 132 1865 132
21.175 bindL 102.954 0 2.01527 1792 131 131
21.255 bindL 100.682 0 6.73612 1865 80 80
21.295 unbindL 104.832 0 0.98088 184 1869 184
21.3 bindL 104.532 0 1.20733 1869 67 67
21.32 bindL 103.505 0 7.24835 1716 66 66
21.38 unbindL 103.199 0 7.82775 97 1873 97
21.385 unbindL 103.214 0 4.79642 79 1875 79
21.385 bindL 103.074 0 7.9217 1873 59 59
21.39 bindL 102.182 0 4.34612 1875 167 167
21.4 unbindL 102.18 0 8.6204 166 1879 166
21.44 unbindL 103.202 0 9.31508 70 1881 70
21.47 bindL 100.677 0 7.00976 1879 121 121
21.475 unbindL 100.744 0 3.17134 122 1884 122
21.485 bindL 100.744 0 3.17134 1884 122 122
21.51 unbindL 103.074 0 7.9217 59 1887 59
21.525 bindL 103.199 0 7.82775 1887 97 97
21.54 unbindL 101.222 0 4.25219 7 1890 7
21.545 bindL 101.222 0 4.25219 1890 7 7
21.555 unbindL 100.744 0 3.17134 122 1893 122
21.565 bindL 103.924 0 5.50028 1740 74 74
21.585 bindL 101.805 0 2.73702 1893 39 39
21.59 unbindL 102.182 0 4.34612 167 1897 167
21.595 bindL 102.182 0 4.34612 1897 167 167
21.6 unbindL 102.954 0 2.01527 131 1900 131
21.645 unbindL 104.973 0 3.43293 103 1902 103
21.705 unbindL 100.677 0 7.00976 121 1904 121
21.715 bindL 100.322 0 6.51342 1904 142 142
21.74 unbindL 104.397 0 9.2081 30 1907 30
21.745 bindL 103.861 0 9.27204 1907 161 161
21.805 unbindL 104.407 0 9.13629 78 1910 78
21.81 unbindL 103.8 0 0.18945 110 1912 110
21.81 bindL 104.397 0 9.2081 1910 30 30
21.845 unbindL 101.396 0 9.00706 90 1915 90
21.845 bindL 104.276 0 3.05455 1900 46 46
21.85 bindL 101.218 0 9.54692 1915 76 76
21.865 unbindL 101.403 0 2.90105 128 1919 128
21.865 unbindL 103.505 0 7.24835 66 1921 66
21.875 bindL 101.403 0 2.90105 1919 128 128
21.875 bindL 102.648 0 8.56855 1921 181 181
21.885 unbindL 101.218 0 9.54692 76 1925 76
21.89 bindL 101.268 0 9.8784 1925 189 189
21.935 unbindL 103.924 0 5.50028 74 1928 74
21.94 bindL 104.064 0 5.50525 1928 71 71
21.95 bindL 104.766 0 2.60344 412 31 31
21.965 unbindL 101.268 0 9.8784 189 1932 189
21.97 bindL 102.092 0 9.45986 1932 42 42
21.975 unbindL 102.092 0 9.45986 42 1935 42
22 unbindL 101.222 0 4.25219 7 1937 7
22 bindL 103.09 0 9.13648 1935 124 124
22.005 bindL 100.362 0 3.93862 1937 32 32
22.045 unbindL 102.858 0 4.1675 102 1941 102
22.06 unbindL 103.49 0 1.20067 51 1943 51
22.065 bindL 102.877 0 1.08022 1943 82 82
22.08 bindL 102.59 0 4.61154 1941 147 147
22.095 unbindL 104.064 0 5.50525 71 1947 71
22.1 bindL 104.267 0 5.91164 1947 105 105
22.105 unbindL 103.861 0 9.27204 161 1950 161
22.115 bindL 104.859 0 9.04326 1950 157 157
22.21 unbindL 100.55 0 4.6839 96 1953 96
22.32 unbindL 104.579 0 7.50205 159 1955 159
22.325 bindL 103.505 0 7.24835 1955 66 66
22.33 bindL 100.113 0 2.60208 307 94 94
22.34 unbindL 104.237 0 4.55342 141 1959 141
22.36 bindL 103.781 0 3.90548 1959 193 193
22.425 unbindL 102.877 0 1.08022 82 1962 82
22.455 unbindL 104.397 0 9.2081 30 1964 30
22.46 unbindL 100.663 0 9.60136 40 1966 40
22.46 bindL 104.844 0 1.61701 1962 4 4
22.48 unbindL 104.859 0 9.04326 157 1969 157
22.49 unbindL 101.805 0 2.73702 39 1971 39
22.49 bindL 100.815 0 8.71515 1966 87 87
22.505 bindL 102.281 0 1.61636 1971 168 168
22.51 bindL 103.183 0 8.6788 1969 123 123
22.53 unbindL 103.781 0 3.90548 193 1976 193
22.53 bindL 104.397 0 9.2081 1338 30 30
22.545 unbindL 103.183 0 8.6788 123 1979 123
22.56 unbindL 103.496 0 8.63255 37 1981 37
22.575 bindL 103.612 0 7.01361 1976 171 171
22.595 unbindL 100.704 0 9.97127 127 1984 127
22.6 unbindL 102.182 0 4.34612 167 1986 167
22.6 unbindL 102.281 0 1.61636 168 1988 168
22.605 bindL 101.79 0 3.9048 1986 188 188
22.605 bindL 102.667 0 1.13036 1988 138 138
22.61 bindL 101.871 0 8.41993 1984 60 60
22.615 unbindL 103.09 0 9.13648 124 1993 124
22.62 bindL 103.183 0 8.6788 1993 123 123
22.625 unbindL 103.192 0 6.21658 165 1996 165
22.63 unbindL 103.612 0 7.01361 171 1998 171
22.63 bindL 100.104 0 4.25158 1981 133 133
22.635 bindL 102.943 0 7.74639 1996 113 113
22.67 unbindL 102.59 0 4.61154 147 2002 147
22.67 unbindL 100.815 0 8.71515 87 2004 87
22.675 unbindL 104.267 0 5.91164 105 2006 105
22.675 bindL 100.815 0 8.71515 2004 87 87
22.68 bindL 104.435 0 6.30381 2006 12 12
22.7 bindL 103.074 0 7.9217 1964 59 59
22.755 unbindL 101.861 0 5.71004 56 2011 56
22.76 unbindL 102.648 0 8.56855 181 2013 181
22.765 bindL 103.716 0 8.66818 2013 24 24
22.78 unbindL 100.104 0 4.25158 133 2016 133
22.785 bindL 101.222 0 4.25219 2011 7 7
22.785 bindL 100.55 0 4.6839 2016 96 96
22.79 bindL 102.765 0 1.30282 2002 125 125
22.795 unbindL 101.403 0 2.90105 128 2021 128
22.795 bindL 104.743 0 8.25746 401 64 64
22.8 bindL 101.531 0 1.64495 2021 98 98
22.81 unbindL 102.765 0 1.30282 125 2025 125
22.82 unbindL 104.435 0 6.30381 12 2027 12
22.825 unbindL 103.183 0 8.6788 123 2029 123
22.825 bindL 104.786 0 6.71098 2027 17 17
22.84 unbindL 104.743 0 8.25746 64 2032 64
22.845 unbindL 102.433 0 6.3393 185 2034 185
22.845 bindL 104.669 0 8.05625 2032 135 135
22.865 bindL 101.384 0 6.0461 2034 1 1
22.87 bindL 101.389 0 6.60435 1912 175 175
22.885 unbindL 104.669 0 8.05625 135 2039 135
22.89 bindL 104.743 0 8.25746 2039 64 64
22.895 unbindL 104.786 0 6.71098 17 2042 17
22.895 bindL 103.94 0 0.63851 2025 170 170
22.9 unbindL 104.276 0 3.05455 46 2045 46
22.9 bindL 101.329 0 5.17718 1953 36 36
22.91 bindL 104.003 0 2.28217 2045 101 101
22.915 unbindL 100.682 0 6.73612 80 2049 80
22.92 bindL 100.074 0 5.84328 2049 182 182
22.945 unbindL 103.074 0 7.9217 59 2052 59
22.955 bindL 104.146 0 6.97263 381 63 63
22.955 bindL 103.074 0 7.9217 2052 59 59
22.97 unbindL 102.667 0 1.13036 138 2056 138
22.995 bindL 102.765 0 1.30282 2056 125 125
23.01 unbindL 103.94 0 0.63851 170 2059 170
23.015 bindL 103.204 0 0.317122 2059 21 21
23.045 bindL 103.781 0 3.90548 1902 193 193
23.08 unbindL 101.329 0 5.17718 36 2063 36
23.085 unbindL 102.494 0 9.91061 108 2065 108
23.085 bindL 101.48 0 4.62979 2063 18 18
23.095 unbindL 104.003 0 2.28217 101 2068 101
23.13 bindL 104.026 0 1.70484 2068 29 29
23.135 unbindL 100.074 0 5.84328 182 2071 182
23.15 unbindL 100.815 0 8.71515 87 2073 87
23.155 bindL 104.407 0 9.13629 2065 78 78
23.155 bindL 100.663 0 9.60136 2073 40 40
23.16 bindL 102.365 0 6.72494 2071 109 109
23.165 unbindL 100.663 0 9.60136 40 2078 40
23.17 unbindL 101.48 0 4.62979 18 2080 18
23.17 bindL 100.704 0 9.97127 2078 127 127
23.175 bindL 101.861 0 5.71004 2080 56 56
23.29 unbindL 101.189 0 4.52881 55 2084 55
23.29 unbindL 101.222 0 4.25219 7 2086 7
23.295 bindL 101.48 0 4.62979 2084 18 18
23.3 bindL 100.591 0 3.74949 2086 172 172
23.35 unbindL 101.79 0 3.9048 188 2090 188
23.36 bindL 101.222 0 4.25219 2090 7 7
23.375 unbindL 103.505 0 7.24835 66 2093 66
23.39 unbindL 102.365 0 6.72494 109 2095 109
23.39 bindL 101.79 0 3.9048 2042 188 188
23.4 bindL 101.143 0 6.87196 2095 89 89
23.505 unbindL 103.547 0 3.34646 47 2099 47
23.54 bindL 101.189 0 4.52881 2093 55 55
23.56 unbindL 104.532 0 1.20733 67 2102 67
23.57 bindL 104.439 0 5.0209 2099 145 145
23.61 unbindL 104.743 0 8.25746 64 2105 64
23.61 bindL 100.797 0 1.40036 1881 158 158
23.63 unbindL 100.55 0 4.6839 96 2108 96
23.64 bindL 101.489 0 2.97331 2108 77 77
23.645 unbindL 100.704 0 9.97127 127 2111 127
23.65 bindL 100.761 0 9.97665 2111 194 194
23.655 bindL 104.443 0 9.93155 2105 11 11
23.66 unbindL 103.781 0 3.90548 193 2115 193
23.665 bindL 103.123 0 3.47599 2115 199 199
23.68 unbindL 104.766 0 2.60344 31 2118 31
23.695 unbindL 102.765 0 1.30282 125 2120 125
23.735 unbindL 100.797 0 1.40036 158 2122 158
23.74 unbindL 103.199 0 7.82775 97 2124 97
23.745 bindL 101.494 0 0.821889 2122 111 111
23.775 bindL 103.716 0 9.51638 2124 179 179
23.78 bindL 103.49 0 1.20067 2120 51 51
23.785 unbindL 101.143 0 6.87196 89 2129 89
23.815 unbindL 103.49 0 1.20067 51 2131 51
23.82 bindL 103.94 0 0.63851 2131 170 170
23.835 unbindL 101.48 0 4.62979 18 2134 18
23.87 unbindL 103.716 0 9.51638 179 2136 179
23.875 unbindL 104.397 0 9.2081 30 2138 30
23.875 bindL 103.716 0 9.51638 2136 179 179
23.88 unbindL 104.146 0 6.97263 63 2141 63
23.88 bindL 102.701 0 4.46589 2134 25 25
23.945 bindL 104.123 0 7.86906 2141 45 45
23.97 unbindL 100.322 0 6.51342 142 2145 142
24.035 unbindL 104.026 0 1.70484 29 2147 29
24.035 bindL 102.281 0 1.61636 727 168 168
24.065 unbindL 104.439 0 5.0209 145 2150 145
24.07 bindL 101.959 0 9.57023 261 144 144
24.085 bindL 104.717 0 4.22823 2150 126 126
24.155 unbindL 102.943 0 7.74639 113 2154 113
24.16 bindL 104.635 0 3.63131 1846 156 156
24.18 unbindL 103.94 0 0.63851 170 2157 170
24.195 bindL 102.667 0 1.13036 2157 138 138
24.2 bindL 102.361 0 4.47891 2154 9 9
24.215 unbindL 104.123 0 7.86906 45 2161 45
24.22 bindL 104.669 0 8.05625 2161 135 135
24.245 bindL 102.798 0 0.0692738 375 41 41
24.255 unbindL 102.361 0 4.47891 9 2165 9
24.28 unbindL 101.494 0 0.821889 111 2167 111
24.285 bindL 101.403 0 0.648473 2167 2 2
24.29 unbindL 100.591 0 3.74949 172 2170 172
24.29 bindL 102.989 0 2.80365 2165 61 61
24.295 unbindL 101.959 0 9.57023 144 2173 144
24.295 bindL 100.745 0 3.66059 2170 106 106
24.3 bindL 102.092 0 9.45986 2173 42 42
24.315 unbindL 104.717 0 4.22823 126 2177 126
24.32 unbindL 102.701 0 4.46589 25 2179 25
24.33 bindL 102.361 0 4.47891 2179 9 9
24.34 unbindL 101.79 0 3.9048 188 2182 188
24.35 unbindL 101.489 0 2.97331 77 2184 77
24.375 bindL 103.304 0 3.528 2184 197 197
24.42 unbindL 102.092 0 9.45986 42 2187 42
24.46 unbindL 101.871 0 8.41993 60 2189 60
24.485 bindL 100.821 0 0.782561 2182 38 38
24.53 unbindL 103.304 0 3.528 197 2192 197
24.54 unbindL 101.389 0 6.60435 175 2194 175
24.555 bindL 103.169 0 0.53688 2192 180 180
24.625 bindL 103.214 0 4.79642 2194 79 79
24.635 unbindL 100.761 0 9.97665 194 2198 194
24.64 bindL 100.196 0 9.25771 2198 26 26
24.72 unbindL 104.635 0 3.63131 156 2201 156
24.725 bindL 104.742 0 3.97543 2201 136 136
24.77 unbindL 101.222 0 4.25219 7 2204 7
24.775 bindL 100.104 0 4.25158 2204 133 133
24.785 unbindL 100.821 0 0.782561 38 2207 38
24.79 bindL 101.494 0 0.821889 2207 111 111
24.82 bindL 100.663 0 9.60136 580 40 40
24.83 unbindL 103.716 0 8.66818 24 2211 24
24.845 unbindL 100.362 0 3.93862 32 2213 32
24.845 unbindL 102.667 0 1.13036 138 2215 138
24.865 bindL 100.55 0 4.6839 2213 96 96
24.865 bindL 102.877 0 1.08022 2215 82 82
24.895 unbindL 103.169 0 0.53688 180 2219 180
24.9 unbindL 101.494 0 0.821889 111 2221 111
24.9 bindL 103.49 0 1.20067 2219 51 51
24.905 bindL 101.787 0 0.226844 2221 88 88
24.93 unbindL 100.745 0 3.66059 106 2225 106
24.945 unbindL 101.189 0 4.52881 55 2227 55
24.95 bindL 104.832 0 0.98088 2177 184 184
24.95 bindL 100.457 0 4.73675 2227 134 134
24.955 unbindL 100.196 0 9.25771 26 2231 26
24.96 bindL 101.871 0 8.41993 2211 60 60
24.965 bindL 101.909 0 9.30417 2231 129 129
25.015 unbindL 102.877 0 1.08022 82 2235 82
25.03 unbindL 104.832 0 0.98088 184 2237 184
25.035 bindL 104.832 0 0.98088 2237 184 184
25.225 bindL 103.94 0 0.63851 2029 170 170
25.28 unbindL 104.742 0 3.97543 136 2241 136
25.305 bindL 103.944 0 0.898324 2145 190 190
25.34 unbindL 101.403 0 0.648473 2 2244 2
25.38 unbindL 100.104 0 4.25158 133 2246 133
25.385 bindL 100.362 0 3.93862 2246 32 32
25.42 unbindL 104.832 0 0.98088 184 2249 184
25.425 bindL 100.385 0 8.91537 2129 5 5
25.46 unbindL 100.663 0 9.60136 40 2252 40
25.46 bindL 104.717 0 4.22823 1340 126 126
25.47 bindL 102.092 0 9.45986 2189 42 42
25.47 bindL 100.888 0 9.6824 2252 164 164
25.475 unbindL 103.49 0 1.20067 51 2257 51
25.48 bindL 102.667 0 1.13036 2257 138 138
25.485 unbindL 103.214 0 4.79642 79 2260 79
25.49 bindL 103.924 0 5.50028 2260 74 74
25.505 bindL 103.023 0 0.404527 2249 44 44
25.51 unbindL 101.909 0 9.30417 129 2264 129
25.515 bindL 103.069 0 9.69613 2264 112 112
25.525 unbindL 100.113 0 2.60208 94 2267 94
25.525 unbindL 101.871 0 8.41993 60 2269 60
25.53 unbindL 102.281 0 1.61636 168 2271 168
25.53 bindL 101.015 0 8.13861 2269 173 173
25.535 unbindL 102.798 0 0.0692738 41 2274 41
25.54 unbindL 103.023 0 0.404527 44 2276 44
25.54 bindL 102.798 0 0.0692738 2274 41 41
25.555 bindL 103.895 0 0.382664 2271 119 119
25.57 unbindL 103.074 0 7.9217 59 2280 59
25.575 bindL 101.222 0 4.25219 2267 7 7
25.575 bindL 102.549 0 8.35334 2280 10 10
25.58 bindL 102.765 0 1.30282 2276 125 125
25.615 unbindL 103.94 0 0.63851 170 2285 170
25.62 bindL 104.317 0 3.56153 2244 99 99
25.625 unbindL 103.204 0 0.317122 21 2288 21
25.625 bindL 103.519 0 0.780345 2285 115 115
25.64 unbindL 104.844 0 1.61701 4 2291 4
25.645 unbindL 104.407 0 9.13629 78 2293 78
25.65 bindL 104.606 0 8.854 2293 116 116
25.66 bindL 104.844 0 1.61701 2291 4 4
25.71 unbindL 103.123 0 3.47599 199 2297 199
25.735 unbindL 101.222 0 4.25219 7 2299 7
25.74 unbindL 103.944 0 0.898324 190 2301 190
25.74 bindL 101.189 0 4.52881 2299 55 55
25.75 bindL 102.424 0 2.12847 2297 140 140
25.755 bindL 100.322 0 6.51342 1477 142 142
25.755 bindL 103.49 0 1.20067 2301 51 51
25.805 unbindL 102.798 0 0.0692738 41 2307 41
25.82 bindL 102.218 0 0.193817 2307 19 19
25.86 unbindL 102.424 0 2.12847 140 2310 140
25.865 bindL 102.281 0 1.61636 2310 168 168
25.885 bindL 100.041 0 3.60369 414 155 155
25.91 unbindL 104.317 0 3.56153 99 2314 99
25.93 unbindL 103.49 0 1.20067 51 2316 51
25.945 bindL 102.424 0 2.12847 2316 140 140
25.955 unbindL 101.015 0 8.13861 173 2319 173
25.96 bindL 101.015 0 8.13861 2319 173 173
25.97 unbindL 104.717 0 4.22823 126 2322 126
25.985 unbindL 102.549 0 8.35334 10 2324 10
25.985 unbindL 102.092 0 9.45986 42 2326 42
25.985 bindL 104.439 0 5.0209 2322 145 145
25.99 bindL 101.645 0 9.74352 2326 20 20
26.045 unbindL 100.362 0 3.93862 32 2330 32
26.05 bindL 100.362 0 3.93862 2330 32 32
26.07 unbindL 104.443 0 9.93155 11 2333 11
26.08 unbindL 100.457 0 4.73675 134 2335 134
26.08 bindL 104.532 0 1.20733 2314 67 67
26.085 bindL 103.861 0 9.27204 2333 161 161
26.1 unbindL 103.716 0 9.51638 179 2339 179
26.12 unbindL 102.218 0 0.193817 19 2341 19
26.14 unbindL 101.189 0 4.52881 55 2343 55
26.145 bindL 102.82 0 5.13046 2343 83 83
26.16 bindL 102.798 0 0.0692738 2341 41 41
26.18 bindL 104.743 0 8.25746 2324 64 64
26.255 unbindL 102.361 0 4.47891 9 2348 9
26.275 bindL 104.276 0 3.05455 2348 46 46
26.345 unbindL 101.645 0 9.74352 20 2351 20
26.36 bindL 104.832 0 0.98088 2138 184 184
26.37 unbindL 104.844 0 1.61701 4 2354 4
26.405 bindL 101.396 0 9.00706 2351 90 90
26.42 unbindL 104.439 0 5.0209 145 2357 145
26.425 bindL 104.439 0 5.0209 2357 145 145
26.44 unbindL 100.322 0 6.51342 142 2360 142
26.535 unbindL 104.276 0 3.05455 46 2362 46
26.545 bindL 104.742 0 3.97543 2362 136 136
26.595 unbindL 100.888 0 9.6824 164 2365 164
26.625 unbindL 104.532 0 1.20733 67 2367 67
26.635 unbindL 101.015 0 8.13861 173 2369 173
26.65 bindL 104.484 0 5.505 2339 160 160
26.665 unbindL 102.667 0 1.13036 138 2372 138
26.675 bindL 101.711 0 1.66607 2372 48 48
26.69 bindL 104.635 0 3.63131 2367 156 156
26.705 unbindL 102.82 0 5.13046 83 2376 83
26.71 bindL 102.59 0 4.61154 2376 147 147
26.715 unbindL 100.53 0 1.09733 52 2379 52
26.715 unbindL 101.861 0 5.71004 56 2381 56
26.72 bindL 100.064 0 1.42135 2379 183 183
26.75 unbindL 103.519 0 0.780345 115 2384 115
26.755 unbindL 102.59 0 4.61154 147 2386 147
26.755 bindL 104.34 0 0.260133 2384 62 62
26.765 bindL 102.182 0 4.34612 2386 167 167
26.775 unbindL 100.55 0 4.6839 96 2390 96
26.79 bindL 101.222 0 4.25219 2390 7 7
26.795 unbindL 104.439 0 5.0209 145 2393 145
26.8 bindL 104.983 0 4.37323 2393 15 15
26.82 unbindL 104.635 0 3.63131 156 2396 156
26.82 unbindL 101.787 0 0.226844 88 2398 88
26.825 bindL 101.494 0 0.821889 2398 111 111
26.83 unbindL 101.384 0 6.0461 1 2401 1
26.835 bindL 103.547 0 3.34646 2396 47 47
26.835 bindL 102.433 0 6.3393 2401 185 185
26.84 unbindL 103.069 0 9.69613 112 2405 112
26.85 bindL 102.092 0 9.45986 2405 42 42
26.855 unbindL 101.396 0 9.00706 90 2408 90
26.855 bindL 100.591 0 3.74949 2381 172 172
26.87 unbindL 100.591 0 3.74949 172 2411 172
26.875 bindL 100.532 0 4.42066 2411 23 23
26.885 bindL 101.268 0 9.8784 2408 189 189
26.955 unbindL 103.861 0 9.27204 161 2415 161
26.965 unbindL 104.606 0 8.854 116 2417 116
26.965 bindL 103.716 0 9.51638 2415 179 179
26.98 unbindL 102.182 0 4.34612 167 2420 167
27 bindL 101.79 0 3.9048 2420 188 188
27.025 bindL 101.403 0 0.648473 228 2 2
27.06 unbindL 102.433 0 6.3393 185 2424 185
27.065 bindL 102.365 0 6.72494 2424 109 109
27.11 unbindL 104.669 0 8.05625 135 2427 135
27.115 bindL 104.123 0 7.86906 2427 45 45
27.14 unbindL 102.424 0 2.12847 140 2430 140
27.15 bindL 102.82 0 5.13046 670 83 83
27.16 bindL 102.664 0 0.726285 2430 54 54
27.2 unbindL 104.983 0 4.37323 15 2434 15
27.21 bindL 104.717 0 4.22823 2434 126 126
27.25 unbindL 103.547 0 3.34646 47 2437 47
27.285 bindL 100.797 0 1.40036 2437 158 158
27.295 unbindL 101.222 0 4.25219 7 2440 7
27.3 unbindL 102.765 0 1.30282 125 2442 125
27.3 bindL 101.189 0 4.52881 2440 55 55
27.33 bindL 102.877 0 1.08022 2442 82 82
27.36 unbindL 104.742 0 3.97543 136 2446 136
27.4 unbindL 102.365 0 6.72494 109 2448 109
27.4 unbindL 104.34 0 0.260133 62 2450 62
27.41 bindL 102.031 0 6.78107 2448 114 114
27.41 bindL 103.94 0 0.63851 2450 170 170
27.425 unbindL 104.743 0 8.25746 64 2454 64
27.48 unbindL 100.797 0 1.40036 158 2456 158
27.49 bindL 104.844 0 1.61701 2446 4 4
27.5 unbindL 102.82 0 5.13046 83 2459 83
27.5 unbindL 103.895 0 0.382664 119 2461 119
27.525 bindL 104.267 0 5.91164 2417 105 105
27.53 unbindL 103.94 0 0.63851 170 2464 170
27.53 bindL 103.711 0 8.20123 2454 154 154
27.535 unbindL 104.267 0 5.91164 105 2467 105
27.535 bindL 103.951 0 0.939337 2464 100 100
27.555 bindL 101.787 0 0.226844 2461 88 88
27.58 bindL 101.9 0 4.86552 2459 57 57
27.585 bindL 100.797 0 1.40036 2456 158 158
27.605 unbindL 100.362 0 3.93862 32 2473 32
27.62 bindL 100.744 0 3.17134 2473 122 122
27.66 unbindL 103.711 0 8.20123 154 2476 154
27.67 unbindL 101.531 0 1.64495 98 2478 98
27.67 bindL 102.943 0 7.74639 2476 113 113
27.685 bindL 102.667 0 1.13036 2478 138 138
27.69 bindL 101.329 0 5.17718 2102 36 36
27.78 unbindL 102.667 0 1.13036 138 2483 138
27.785 unbindL 100.797 0 1.40036 158 2485 158
27.785 unbindL 102.989 0 2.80365 61 2487 61
27.79 bindL 100.821 0 0.782561 2485 38 38
27.8 unbindL 100.821 0 0.782561 38 2490 38
27.825 bindL 102.424 0 2.12847 2483 140 140
27.84 unbindL 104.832 0 0.98088 184 2493 184
27.84 bindL 101.805 0 2.73702 2487 39 39
27.845 unbindL 102.031 0 6.78107 114 2496 114
27.845 bindL 104.34 0 0.260133 2493 62 62
27.85 bindL 101.861 0 5.71004 2496 56 56
27.91 unbindL 103.951 0 0.939337 100 2500 100
27.91 unbindL 102.092 0 9.45986 42 2502 42
27.915 bindL 103.94 0 0.63851 2500 170 170
27.915 bindL 101.645 0 9.74352 2502 20 20
27.935 unbindL 100.385 0 8.91537 5 2506 5
27.95 bindL 100.682 0 6.73612 2506 80 80
27.96 unbindL 101.861 0 5.71004 56 2509 56
27.965 unbindL 101.711 0 1.66607 48 2511 48
27.98 unbindL 102.664 0 0.726285 54 2513 54
27.98 unbindL 102.798 0 0.0692738 41 2515 41
27.985 bindL 103.204 0 0.317122 2513 21 21
28.005 bindL 103.192 0 6.21658 2509 165 165
28.025 unbindL 103.192 0 6.21658 165 2519 165
28.03 unbindL 100.041 0 3.60369 155 2521 155
28.03 unbindL 101.79 0 3.9048 188 2523 188
28.03 bindL 103.24 0 6.23193 2519 69 69
28.04 bindL 100.113 0 2.60208 2521 94 94
28.045 bindL 100.457 0 4.73675 2523 134 134
28.055 unbindL 100.457 0 4.73675 134 2528 134
28.075 bindL 100.03 0 1.10918 2515 84 84
28.08 unbindL 101.9 0 4.86552 57 2531 57
28.14 bindL 102.667 0 1.13036 326 138 138
28.15 bindL 103.15 0 5.1412 2467 35 35
28.17 bindL 103.509 0 3.01717 2531 174 174
28.195 bindL 103.304 0 3.528 2511 197 197
28.26 unbindL 100.113 0 2.60208 94 2537 94
28.315 unbindL 100.682 0 6.73612 80 2539 80
28.32 unbindL 101.494 0 0.821889 111 2541 111
28.325 bindL 102.405 0 1.04655 2541 91 91
28.33 bindL 101.035 0 5.8516 2539 139 139
28.355 unbindL 104.484 0 5.505 160 2545 160
28.375 unbindL 101.189 0 4.52881 55 2547 55
28.44 bindL 104.439 0 5.0209 2118 145 145
28.565 unbindL 103.304 0 3.528 197 2550 197
28.565 unbindL 104.717 0 4.22823 126 2552 126
28.585 bindL 104.435 0 6.30381 2552 12 12
28.595 bindL 103.381 0 2.78352 2550 93 93
28.6 unbindL 104.123 0 7.86906 45 2556 45
28.605 bindL 104.669 0 8.05625 2556 135 135
28.625 unbindL 101.805 0 2.73702 39 2559 39
28.63 bindL 104.635 0 3.63131 427 156 156
28.645 bindL 102.989 0 2.80365 2559 61 61
28.7 unbindL 104.635 0 3.63131 156 2563 156
28.705 bindL 104.717 0 4.22823 2563 126 126
28.79 unbindL 102.424 0 2.12847 140 2566 140
28.79 unbindL 104.717 0 4.22823 126 2568 126
28.795 unbindL 103.509 0 3.01717 174 2570 174
28.8 bindL 103.304 0 3.528 2570 197 197
28.825 unbindL 104.439 0 5.0209 145 2573 145
28.83 unbindL 101.329 0 5.17718 36 2575 36
28.83 bindL 104.766 0 2.60344 2566 31 31
28.84 unbindL 103.381 0 2.78352 93 2578 93
28.855 bindL 101.222 0 4.25219 2575 7 7
28.87 bindL 102.031 0 6.78107 2573 114 114
28.875 bindL 103.123 0 3.47599 2568 199 199
28.915 unbindL 103.204 0 0.317122 21 2583 21
28.92 bindL 103.895 0 0.382664 2583 119 119
28.925 unbindL 103.716 0 9.51638 179 2586 179
28.925 unbindL 102.943 0 7.74639 113 2588 113
28.925 bindL 104.743 0 8.25746 205 64 64
28.93 bindL 101.48 0 4.62979 2578 18 18
28.93 bindL 102.81 0 9.77291 2586 153 153
28.93 bindL 102.365 0 6.72494 2588 109 109
28.95 unbindL 102.667 0 1.13036 138 2594 138
28.95 bindL 104.532 0 1.20733 2547 67 67
28.955 unbindL 100.064 0 1.42135 183 2597 183
28.955 unbindL 104.766 0 2.60344 31 2599 31
28.955 bindL 102.21 0 0.882505 2594 104 104
28.97 bindL 104.635 0 3.63131 2599 156 156
28.985 bindL 100.196 0 9.25771 320 26 26
29.03 unbindL 104.635 0 3.63131 156 2604 156
29.035 bindL 104.317 0 3.56153 2604 99 99
29.045 unbindL 104.34 0 0.260133 62 2607 62
29.05 unbindL 103.123 0 3.47599 199 2609 199
29.05 bindL 103.204 0 0.317122 2607 21 21
29.055 unbindL 100.532 0 4.42066 23 2612 23
29.06 bindL 100.041 0 3.60369 2612 155 155
29.08 bindL 101.489 0 2.97331 2609 77 77
29.095 unbindL 104.532 0 1.20733 67 2616 67
29.1 bindL 104.832 0 0.98088 2616 184 184
29.12 bindL 100.591 0 3.74949 2597 172 172
29.13 unbindL 102.365 0 6.72494 109 2620 109
29.145 bindL 101.871 0 8.41993 2620 60 60
29.185 unbindL 101.871 0 8.41993 60 2623 60
29.19 bindL 101.396 0 9.00706 2623 90 90
29.225 unbindL 100.196 0 9.25771 26 2626 26
29.23 bindL 100.074 0 5.84328 2235 182 182
29.235 bindL 103.214 0 4.79642 2369 79 79
29.285 unbindL 104.743 0 8.25746 64 2630 64
29.3 bindL 104.123 0 7.86906 2630 45 45
29.305 unbindL 101.222 0 4.25219 7 2633 7
29.31 bindL 101.861 0 5.71004 2633 56 56
29.345 unbindL 104.844 0 1.61701 4 2636 4
29.42 bindL 103.123 0 3.47599 2636 199 199
29.435 unbindL 104.123 0 7.86906 45 2639 45
29.445 unbindL 101.48 0 4.62979 18 2641 18
29.445 bindL 104.123 0 7.86906 2639 45 45
29.455 bindL 100.55 0 4.6839 2641 96 96
29.5 unbindL 101.396 0 9.00706 90 2645 90
29.505 unbindL 101.268 0 9.8784 189 2647 189
29.555 unbindL 101.403 0 0.648473 2 2649 2
29.575 bindL 102.954 0 2.01527 2649 131 131
29.61 unbindL 101.489 0 2.97331 77 2652 77
29.61 unbindL 104.832 0 0.98088 184 2654 184
29.615 bindL 100.745 0 3.66059 2652 106 106
29.64 unbindL 100.074 0 5.84328 182 2657 182
29.645 unbindL 102.405 0 1.04655 91 2659 91
29.65 bindL 102.664 0 0.726285 2659 54 54
29.675 unbindL 104.123 0 7.86906 45 2662 45
29.675 unbindL 101.787 0 0.226844 88 2664 88
29.685 bindL 101.787 0 0.226844 2664 88 88
29.695 unbindL 103.204 0 0.317122 21 2667 21
29.71 bindL 103.49 0 1.20067 2667 51 51
29.715 bindL 101.403 0 0.648473 2654 2 2
29.735 unbindL 104.669 0 8.05625 135 2671 135
29.74 unbindL 104.317 0 3.56153 99 2673 99
29.75 bindL 104.095 0 7.07791 2657 118 118
29.75 bindL 104.579 0 7.50205 2671 159 159
29.75 bindL 103.547 0 3.34646 2673 47 47
29.77 bindL 100.362 0 3.93862 2645 32 32
29.775 unbindL 103.924 0 5.50028 74 2679 74
29.775 unbindL 100.55 0 4.6839 96 2681 96
29.78 bindL 104.439 0 5.0209 2679 145 145
29.79 unbindL 101.861 0 5.71004 56 2684 56
29.795 bindL 101.189 0 4.52881 2681 55 55
29.795 bindL 101.322 0 5.79659 2684 198 198
29.81 bindL 102.578 0 6.40796 2662 6 6
29.825 unbindL 103.49 0 1.20067 51 2689 51
29.835 bindL 103.519 0 0.780345 2689 115 115
29.865 unbindL 102.031 0 6.78107 114 2692 114
29.88 unbindL 102.281 0 1.61636 168 2694 168
29.89 unbindL 103.547 0 3.34646 47 2696 47
29.9 unbindL 100.041 0 3.60369 155 2698 155
29.9 bindL 102.424 0 2.12847 2694 140 140
29.91 bindL 102.886 0 3.25823 2696 27 27
29.945 bindL 101.79 0 3.9048 2692 188 188
29.96 unbindL 102.21 0 0.882505 104 2703 104
29.965 bindL 102.21 0 0.882505 2703 104 104
29.97 unbindL 102.877 0 1.08022 82 2706 82
29.985 unbindL 101.035 0 5.8516 139 2708 139
