0.135 bindL 104.14 0 1.71115 273 73 73
0.505 bindL 102.851 0 0.400859 263 151 151
0.925 bindL 103.498 0 5.04676 235 189 189
0.98 unbindL 103.498 0 5.04676 189 444 189
1.01 bindL 103.632 0 6.54885 444 179 179
1.38 unbindL 104.14 0 1.71115 73 447 73
1.385 bindL 104.473 0 2.39867 447 69 69
1.785 bindL 100.944 0 4.01983 425 156 156
1.79 unbindL 100.944 0 4.01983 156 451 156
1.8 bindL 101.364 0 3.06437 451 196 196
1.84 bindL 104.433 0 6.47413 355 181 181
1.84 bindL 104.108 0 5.47954 316 146 146
1.865 bindL 100.194 0 3.05923 395 17 17
1.87 unbindL 100.194 0 3.05923 17 457 17
1.875 bindL 100.627 0 2.99833 457 161 161
1.88 unbindL 100.627 0 2.99833 161 460 161
1.885 bindL 100.702 0 3.0174 460 70 70
1.95 unbindL 101.364 0 3.06437 196 463 196
1.965 bindL 102.265 0 4.72287 463 44 44
2.06 unbindL 102.851 0 0.400859 151 466 151
2.22 unbindL 103.632 0 6.54885 179 468 179
2.25 bindL 104.201 0 8.14477 468 25 25
2.27 unbindL 104.473 0 2.39867 69 471 69
2.29 bindL 103.412 0 3.01281 471 197 197
2.355 unbindL 103.412 0 3.01281 197 474 197
2.38 unbindL 104.108 0 5.47954 146 476 146
2.39 bindL 103.006 0 4.50471 476 21 21
2.42 unbindL 100.702 0 3.0174 70 479 70
2.425 bindL 100.584 0 0.770356 466 183 183
2.43 bindL 100.702 0 3.0174 479 70 70
2.45 unbindL 100.584 0 0.770356 183 483 183
2.5 unbindL 102.265 0 4.72287 44 485 44
2.505 bindL 100.944 0 4.01983 485 156 156
2.545 bindL 104.331 0 5.82959 349 64 64
2.615 bindL 100.546 0 7.53276 249 36 36
2.665 unbindL 100.546 0 7.53276 36 490 36
2.67 bindL 100.702 0 7.91054 490 190 190
2.69 unbindL 104.433 0 6.47413 181 493 181
2.76 bindL 104.301 0 3.50624 483 39 39
2.785 unbindL 104.201 0 8.14477 25 496 25
2.79 unbindL 104.331 0 5.82959 64 498 64
2.8 bindL 103.53 0 5.95992 498 138 138
2.805 bindL 104.645 0 9.47312 496 78 78
2.85 bindL 102.851 0 0.400859 241 151 151
2.96 unbindL 102.851 0 0.400859 151 503 151
3.04 bindL 103.465 0 7.27688 493 180 180
3.095 unbindL 103.465 0 7.27688 180 506 180
3.125 bindL 100.391 0 3.60346 503 71 71
3.23 bindL 103.857 0 5.36436 506 129 129
3.395 unbindL 104.301 0 3.50624 39 510 39
3.41 bindL 103.587 0 3.5244 510 91 91
3.42 unbindL 103.53 0 5.95992 138 513 138
3.425 bindL 103.53 0 5.95992 513 138 138
3.455 bindL 103.553 0 3.94272 474 191 191
3.475 bindL 102.429 0 1.06804 371 164 164
3.515 unbindL 103.587 0 3.5244 91 518 91
3.52 unbindL 103.53 0 5.95992 138 520 138
3.54 unbindL 100.944 0 4.01983 156 522 156
3.555 unbindL 103.553 0 3.94272 191 524 191
3.555 bindL 102.356 0 6.29957 520 87 87
3.59 bindL 100.467 0 1.57748 522 46 46
3.61 bindL 101.758 0 9.54522 302 145 145
3.615 unbindL 103.857 0 5.36436 129 529 129
3.615 unbindL 100.702 0 7.91054 190 531 190
3.62 bindL 100.391 0 8.45054 531 82 82
3.67 bindL 103.38 0 0.765689 518 182 182
3.905 unbindL 101.758 0 9.54522 145 535 145
3.925 bindL 102.85 0 8.97517 535 66 66
4.02 unbindL 100.391 0 8.45054 82 538 82
4.025 bindL 100.531 0 9.0244 538 185 185
4.19 unbindL 103.006 0 4.50471 21 541 21
4.195 bindL 103.006 0 4.50471 541 21 21
4.23 bindL 103.29 0 8.15707 529 130 130
4.24 bindL 104.017 0 1.90785 368 175 175
4.34 bindL 103.016 0 3.37848 397 176 176
4.41 bindL 104.003 0 6.43929 337 104 104
4.46 bindL 104.25 0 4.97789 280 12 12
4.755 unbindL 100.391 0 3.60346 71 549 71
4.8 unbindL 104.25 0 4.97789 12 551 12
4.805 bindL 103.498 0 5.04676 551 189 189
4.85 unbindL 104.017 0 1.90785 175 554 175
4.87 unbindL 102.429 0 1.06804 164 556 164
4.9 unbindL 103.38 0 0.765689 182 558 182
4.905 bindL 103.38 0 0.765689 558 182 182
4.99 unbindL 102.85 0 8.97517 66 561 66
4.995 bindL 102.707 0 8.98959 561 168 168
5.165 unbindL 103.006 0 4.50471 21 564 21
5.235 bindL 103.116 0 7.9754 564 40 40
5.25 unbindL 104.645 0 9.47312 78 567 78
5.255 bindL 104.265 0 9.6442 567 147 147
5.28 unbindL 102.707 0 8.98959 168 570 168
5.28 unbindL 103.016 0 3.37848 176 572 176
5.285 bindL 103.587 0 3.5244 572 91 91
5.325 bindL 103.882 0 6.73459 570 118 118
5.385 unbindL 104.003 0 6.43929 104 576 104
5.385 bindL 100.546 0 7.53276 324 36 36
5.39 unbindL 103.882 0 6.73459 118 579 118
5.39 bindL 104.331 0 5.82959 576 64 64
5.395 bindL 103.779 0 6.60239 579 74 74
5.41 unbindL 100.531 0 9.0244 185 583 185
5.425 bindL 101.233 0 8.62553 583 11 11
5.455 unbindL 100.467 0 1.57748 46 586 46
5.475 unbindL 104.265 0 9.6442 147 588 147
5.48 bindL 104.342 0 9.82139 588 28 28
5.52 unbindL 103.29 0 8.15707 130 591 130
5.52 bindL 102.323 0 7.91363 244 198 198
5.545 bindL 101.19 0 1.80493 586 188 188
5.565 unbindL 100.702 0 3.0174 70 595 70
5.575 bindL 102.038 0 8.37602 591 134 134
5.59 unbindL 103.779 0 6.60239 74 598 74
5.6 bindL 104.714 0 7.39086 598 137 137
5.61 unbindL 103.587 0 3.5244 91 601 91
5.615 bindL 103.016 0 3.37848 601 176 176
5.67 unbindL 100.546 0 7.53276 36 604 36
5.67 bindL 104.962 0 6.12154 595 136 136
5.73 unbindL 102.038 0 8.37602 134 607 134
5.73 unbindL 103.498 0 5.04676 189 609 189
5.735 bindL 100.702 0 7.91054 604 190 190
5.735 bindL 102.289 0 7.86204 607 148 148
5.755 bindL 104.003 0 6.43929 609 104 104
5.845 unbindL 101.233 0 8.62553 11 614 11
5.85 unbindL 104.962 0 6.12154 136 616 136
5.86 bindL 102.038 0 8.37602 614 134 134
5.87 unbindL 104.003 0 6.43929 104 619 104
5.87 unbindL 102.038 0 8.37602 134 621 134
5.875 bindL 103.841 0 7.06085 619 26 26
5.88 bindL 102.705 0 7.38041 554 107 107
5.94 unbindL 103.016 0 3.37848 176 625 176
5.945 bindL 103.587 0 3.5244 625 91 91
5.95 bindL 103.765 0 7.83421 621 97 97
5.955 bindL 103.739 0 5.36177 261 158 158
5.96 bindL 104.898 0 5.57555 616 132 132
6.04 bindL 104.003 0 6.43929 411 104 104
6.045 unbindL 103.739 0 5.36177 158 632 158
6.05 bindL 103.898 0 5.36901 632 120 120
6.07 unbindL 102.356 0 6.29957 87 635 87
6.08 bindL 103.382 0 6.86115 635 88 88
6.095 unbindL 102.323 0 7.91363 198 638 198
6.1 bindL 102.93 0 8.6297 638 30 30
6.12 unbindL 104.898 0 5.57555 132 641 132
6.125 bindL 101.016 0 4.68385 233 171 171
6.125 bindL 104.911 0 5.20401 641 49 49
6.17 unbindL 103.38 0 0.765689 182 645 182
6.175 bindL 102.851 0 0.400859 645 151 151
6.21 unbindL 102.851 0 0.400859 151 648 151
6.25 bindL 100.322 0 2.38668 350 154 154
6.275 unbindL 102.289 0 7.86204 148 651 148
6.29 unbindL 101.016 0 4.68385 171 653 171
6.3 bindL 102.651 0 2.97757 653 150 150
6.32 unbindL 103.765 0 7.83421 97 656 97
6.325 bindL 104.428 0 8.14379 656 105 105
6.34 unbindL 104.911 0 5.20401 49 659 49
6.35 bindL 104.911 0 5.20401 659 49 49
6.36 bindL 103.779 0 6.60239 651 74 74
6.375 bindL 104.063 0 3.01497 648 94 94
6.435 unbindL 103.779 0 6.60239 74 664 74
6.44 bindL 103.882 0 6.73459 664 118 118
6.49 unbindL 104.331 0 5.82959 64 667 64
6.495 bindL 104.331 0 5.82959 667 64 64
6.5 unbindL 102.705 0 7.38041 107 670 107
6.505 bindL 102.296 0 7.18618 670 140 140
6.525 unbindL 104.342 0 9.82139 28 673 28
6.68 unbindL 104.063 0 3.01497 94 675 94
6.695 bindL 104.301 0 3.50624 675 39 39
6.7 unbindL 104.003 0 6.43929 104 678 104
6.705 bindL 102.682 0 6.75955 678 85 85
6.735 unbindL 100.322 0 2.38668 154 681 154
6.745 bindL 102.705 0 7.38041 524 107 107
6.745 bindL 100.973 0 2.14046 681 32 32
6.77 unbindL 103.882 0 6.73459 118 685 118
6.775 bindL 103.066 0 5.7109 685 127 127
6.785 unbindL 100.973 0 2.14046 32 688 32
6.79 unbindL 104.301 0 3.50624 39 690 39
6.795 bindL 101.835 0 2.49122 688 139 139
6.8 unbindL 103.382 0 6.86115 88 693 88
6.825 unbindL 104.714 0 7.39086 137 695 137
6.86 bindL 104.278 0 7.36524 695 126 126
6.895 unbindL 104.911 0 5.20401 49 698 49
6.9 bindL 104.898 0 5.57555 698 132 132
6.97 unbindL 103.116 0 7.9754 40 701 40
6.975 bindL 103.267 0 7.36761 701 170 170
6.985 unbindL 104.428 0 8.14379 105 704 105
7.015 unbindL 101.835 0 2.49122 139 706 139
7.03 bindL 102.137 0 4.14269 706 99 99
7.05 unbindL 103.587 0 3.5244 91 709 91
7.055 bindL 104.301 0 3.50624 709 39 39
7.08 unbindL 102.651 0 2.97757 150 712 150
7.08 bindL 104.911 0 5.20401 265 49 49
7.085 bindL 101.905 0 3.9428 712 173 173
7.11 bindL 100.391 0 3.60346 556 71 71
7.11 bindL 103.765 0 7.83421 704 97 97
7.13 unbindL 102.137 0 4.14269 99 718 99
7.135 unbindL 104.911 0 5.20401 49 720 49
7.145 unbindL 103.066 0 5.7109 127 722 127
7.155 unbindL 102.296 0 7.18618 140 724 140
7.155 bindL 102.651 0 2.97757 718 150 150
7.17 bindL 103.53 0 5.95992 722 138 138
7.175 bindL 101.981 0 6.45962 724 45 45
7.23 unbindL 103.898 0 5.36901 120 729 120
7.235 bindL 103.498 0 5.04676 729 189 189
7.29 unbindL 103.53 0 5.95992 138 732 138
7.31 unbindL 103.765 0 7.83421 97 734 97
7.315 unbindL 101.905 0 3.9428 173 736 173
7.335 bindL 101.9 0 5.40921 736 165 165
7.36 unbindL 104.898 0 5.57555 132 739 132
7.39 unbindL 103.498 0 5.04676 189 741 189
7.405 bindL 104.342 0 9.82139 734 28 28
7.41 bindL 101.162 0 5.21835 216 84 84
7.415 unbindL 102.651 0 2.97757 150 745 150
7.42 bindL 102.348 0 2.34757 745 7 7
7.5 unbindL 103.841 0 7.06085 26 748 26
7.58 unbindL 104.278 0 7.36524 126 750 126
7.58 unbindL 102.348 0 2.34757 7 752 7
7.585 bindL 104.867 0 6.92193 750 193 193
7.6 bindL 102.189 0 9.9786 748 167 167
7.605 bindL 100.391 0 8.45054 741 82 82
7.65 unbindL 101.9 0 5.40921 165 757 165
7.655 unbindL 101.162 0 5.21835 84 759 84
7.655 bindL 101.681 0 5.34021 757 63 63
7.67 bindL 103.898 0 5.36901 720 120 120
7.695 unbindL 104.301 0 3.50624 39 763 39
7.7 unbindL 104.342 0 9.82139 28 765 28
7.74 bindL 103.819 0 6.49215 765 72 72
7.745 unbindL 102.93 0 8.6297 30 768 30
7.75 bindL 103.29 0 8.15707 768 130 130
7.825 unbindL 103.898 0 5.36901 120 771 120
7.835 bindL 104.645 0 9.47312 739 78 78
7.85 unbindL 104.645 0 9.47312 78 774 78
7.855 unbindL 101.981 0 6.45962 45 776 45
7.865 bindL 103.443 0 6.64885 776 4 4
7.88 unbindL 102.682 0 6.75955 85 779 85
7.88 bindL 100.931 0 1.61788 248 20 20
8.06 unbindL 100.702 0 7.91054 190 782 190
8.07 unbindL 102.705 0 7.38041 107 784 107
8.07 bindL 100.702 0 7.91054 782 190 190
8.075 bindL 103.465 0 7.27688 784 180 180
8.235 unbindL 102.189 0 9.9786 167 788 167
8.24 bindL 102.348 0 2.34757 759 7 7
8.24 bindL 101.758 0 9.54522 788 145 145
8.265 unbindL 104.867 0 6.92193 193 792 193
8.27 bindL 104.714 0 7.39086 792 137 137
8.29 unbindL 102.348 0 2.34757 7 795 7
8.295 bindL 102.528 0 3.06408 795 13 13
8.395 unbindL 103.267 0 7.36761 170 798 170
8.41 bindL 102.93 0 8.6297 798 30 30
8.44 bindL 104.587 0 5.67045 339 122 122
8.45 bindL 100.332 0 6.91356 774 95 95
8.475 unbindL 103.29 0 8.15707 130 803 130
8.48 bindL 103.137 0 8.46627 803 123 123
8.55 unbindL 101.681 0 5.34021 63 806 63
8.555 bindL 101.016 0 4.68385 806 171 171
8.56 unbindL 100.391 0 8.45054 82 809 82
8.59 unbindL 104.587 0 5.67045 122 811 122
8.595 bindL 101.256 0 4.16461 809 59 59
8.61 bindL 103.841 0 7.06085 811 26 26
8.645 unbindL 101.256 0 4.16461 59 815 59
8.65 bindL 101.681 0 5.34021 815 63 63
8.66 unbindL 104.331 0 5.82959 64 818 64
8.695 bindL 104.911 0 5.20401 818 49 49
8.705 bindL 102.539 0 5.32055 396 133 133
8.72 unbindL 103.137 0 8.46627 123 822 123
8.765 unbindL 102.528 0 3.06408 13 824 13
8.78 unbindL 102.539 0 5.32055 133 826 133
8.78 bindL 102.651 0 2.97757 824 150 150
8.83 unbindL 104.714 0 7.39086 137 829 137
8.845 unbindL 100.332 0 6.91356 95 831 95
8.855 bindL 100.835 0 6.07774 831 149 149
8.86 bindL 104.962 0 6.12154 779 136 136
8.88 bindL 101.268 0 4.63114 331 56 56
8.94 unbindL 104.962 0 6.12154 136 836 136
8.965 bindL 104.331 0 5.82959 826 64 64
9.04 bindL 102.85 0 8.97517 372 66 66
9.07 bindL 101.162 0 5.21835 369 84 84
9.09 unbindL 101.681 0 5.34021 63 841 63
9.135 bindL 100.944 0 4.01983 841 156 156
9.155 unbindL 100.702 0 7.91054 190 844 190
9.185 bindL 101.233 0 8.62553 844 11 11
9.255 unbindL 100.931 0 1.61788 20 847 20
9.26 bindL 100.467 0 1.57748 847 46 46
9.47 bindL 104.407 0 0.268165 822 51 51
9.55 unbindL 101.758 0 9.54522 145 851 145
9.555 bindL 101.068 0 9.78209 851 195 195
9.62 unbindL 103.819 0 6.49215 72 854 72
9.635 bindL 103.898 0 5.36901 854 120 120
9.78 unbindL 101.068 0 9.78209 195 857 195
9.825 bindL 100.722 0 9.96411 857 110 110
9.83 unbindL 100.391 0 3.60346 71 860 71
9.835 bindL 100.193 0 4.35647 860 41 41
9.855 unbindL 103.443 0 6.64885 4 863 4
9.86 bindL 103.819 0 6.49215 863 72 72
9.875 bindL 104.844 0 8.1378 763 61 61
9.915 unbindL 100.835 0 6.07774 149 867 149
9.965 unbindL 101.19 0 1.80493 188 869 188
9.97 bindL 100.931 0 1.61788 869 20 20
9.975 unbindL 100.944 0 4.01983 156 872 156
9.98 bindL 101.256 0 4.16461 872 59 59
9.995 unbindL 104.911 0 5.20401 49 875 49
10.03 bindL 104.911 0 5.20401 875 49 49
10.04 unbindL 100.931 0 1.61788 20 878 20
10.045 bindL 100.584 0 0.770356 878 183 183
10.08 unbindL 101.016 0 4.68385 171 881 171
10.095 unbindL 100.584 0 0.770356 183 883 183
10.11 unbindL 101.256 0 4.16461 59 885 59
10.12 bindL 101.681 0 5.34021 885 63 63
10.13 bindL 100.569 0 0.343156 883 48 48
10.145 bindL 100.332 0 6.91356 881 95 95
10.17 unbindL 104.844 0 8.1378 61 890 61
10.175 unbindL 100.332 0 6.91356 95 892 95
10.19 bindL 104.844 0 8.1378 890 61 61
10.265 unbindL 100.722 0 9.96411 110 895 110
10.265 unbindL 104.844 0 8.1378 61 897 61
10.27 unbindL 101.233 0 8.62553 11 899 11
10.27 bindL 100.576 0 9.60387 895 159 159
10.275 bindL 101.573 0 8.22284 836 131 131
10.285 bindL 100.973 0 9.72366 892 166 166
10.325 unbindL 102.651 0 2.97757 150 904 150
10.325 unbindL 101.268 0 4.63114 56 906 56
10.33 bindL 102.197 0 2.22954 904 115 115
10.33 bindL 101.268 0 4.63114 906 56 56
10.355 unbindL 104.331 0 5.82959 64 910 64
10.38 unbindL 103.465 0 7.27688 180 912 180
10.38 bindL 104.301 0 3.50624 910 39 39
10.41 unbindL 104.407 0 0.268165 51 915 51
10.415 bindL 103.38 0 0.765689 915 182 182
10.435 unbindL 103.38 0 0.765689 182 918 182
10.435 bindL 100.463 0 6.47336 899 98 98
10.52 unbindL 100.569 0 0.343156 48 921 48
10.54 bindL 100.159 0 0.510714 921 112 112
10.605 bindL 101.016 0 4.68385 912 171 171
10.66 unbindL 103.819 0 6.49215 72 925 72
10.675 bindL 102.627 0 4.78163 387 54 54
10.69 bindL 102.265 0 4.72287 925 44 44
10.715 bindL 100.187 0 5.92236 406 143 143
10.78 unbindL 100.187 0 5.92236 143 930 143
10.805 bindL 103.51 0 2.31887 867 163 163
10.81 unbindL 104.301 0 3.50624 39 933 39
10.815 bindL 104.063 0 3.01497 933 94 94
10.83 unbindL 101.016 0 4.68385 171 936 171
10.835 unbindL 100.463 0 6.47336 98 938 98
10.91 unbindL 102.85 0 8.97517 66 940 66
10.92 bindL 103.137 0 8.46627 940 123 123
10.93 unbindL 100.193 0 4.35647 41 943 41
10.93 unbindL 101.681 0 5.34021 63 945 63
10.935 bindL 100.214 0 4.64152 943 37 37
11.02 bindL 103.775 0 6.31412 936 86 86
11.02 bindL 103.443 0 6.64885 938 4 4
11.055 unbindL 101.573 0 8.22284 131 950 131
11.075 bindL 102.289 0 7.86204 950 148 148
11.12 unbindL 101.268 0 4.63114 56 953 56
11.125 bindL 101.016 0 4.68385 953 171 171
11.23 unbindL 104.911 0 5.20401 49 956 49
11.25 unbindL 101.016 0 4.68385 171 958 171
11.255 unbindL 100.973 0 9.72366 166 960 166
11.26 bindL 100.944 0 4.01983 958 156 156
11.26 bindL 100.722 0 9.96411 960 110 110
11.26 bindL 100.194 0 3.05923 897 17 17
11.265 bindL 104.25 0 4.97789 956 12 12
11.27 bindL 101.951 0 3.54695 945 24 24
11.285 unbindL 104.063 0 3.01497 94 967 94
11.285 bindL 104.433 0 6.47413 269 181 181
11.29 bindL 104.063 0 3.01497 967 94 94
11.305 unbindL 104.25 0 4.97789 12 971 12
11.31 bindL 104.296 0 5.43613 971 53 53
11.32 unbindL 102.627 0 4.78163 54 974 54
11.32 unbindL 101.951 0 3.54695 24 976 24
11.335 unbindL 104.063 0 3.01497 94 978 94
11.335 bindL 101.256 0 4.16461 974 59 59
11.35 unbindL 100.194 0 3.05923 17 981 17
11.36 bindL 100.391 0 3.60346 981 71 71
11.365 bindL 101.016 0 4.68385 976 171 171
11.39 unbindL 101.162 0 5.21835 84 985 84
11.395 bindL 101.43 0 5.5148 985 157 157
11.405 unbindL 103.443 0 6.64885 4 988 4
11.43 bindL 103.882 0 6.73459 988 118 118
11.44 unbindL 100.944 0 4.01983 156 991 156
11.465 bindL 100.838 0 3.86498 991 65 65
11.5 unbindL 102.289 0 7.86204 148 994 148
11.57 bindL 100.187 0 5.92236 246 143 143
11.575 bindL 101.162 0 5.21835 918 84 84
11.575 bindL 103.587 0 3.5244 978 91 91
11.595 unbindL 103.51 0 2.31887 163 999 163
11.6 bindL 103.39 0 3.11736 999 114 114
11.615 unbindL 103.587 0 3.5244 91 1002 91
11.62 bindL 103.006 0 4.50471 1002 21 21
11.635 unbindL 101.016 0 4.68385 171 1005 171
11.645 bindL 101.301 0 5.04781 1005 18 18
11.71 unbindL 103.137 0 8.46627 123 1008 123
11.715 bindL 100.973 0 9.72366 994 166 166
11.715 bindL 103.443 0 6.64885 1008 4 4
11.775 unbindL 104.296 0 5.43613 53 1012 53
11.785 bindL 104.003 0 6.43929 1012 104 104
11.82 unbindL 103.443 0 6.64885 4 1015 4
11.825 unbindL 101.162 0 5.21835 84 1017 84
11.845 bindL 100.302 0 5.23229 1017 152 152
11.88 bindL 104.266 0 0.274547 752 27 27
11.89 unbindL 103.841 0 7.06085 26 1021 26
11.895 bindL 103.779 0 6.60239 1021 74 74
11.91 unbindL 104.266 0 0.274547 27 1024 27
11.92 unbindL 101.256 0 4.16461 59 1026 59
11.925 bindL 101.905 0 3.9428 1026 173 173
11.97 unbindL 100.187 0 5.92236 143 1029 143
11.975 unbindL 101.301 0 5.04781 18 1031 18
11.975 bindL 100.463 0 6.47336 1029 98 98
11.995 bindL 101.162 0 5.21835 1031 84 84
12 unbindL 100.576 0 9.60387 159 1035 159
12.02 unbindL 100.722 0 9.96411 110 1037 110
12.03 bindL 101.068 0 9.78209 1037 195 195
12.06 unbindL 102.197 0 2.22954 115 1040 115
12.075 unbindL 100.463 0 6.47336 98 1042 98
12.08 unbindL 103.39 0 3.11736 114 1044 114
12.09 bindL 103.412 0 3.01281 1044 197 197
12.105 bindL 100.332 0 6.91356 1035 95 95
12.115 bindL 104.178 0 1.15437 1040 2 2
12.23 unbindL 104.178 0 1.15437 2 1049 2
12.24 bindL 104.083 0 1.88958 1049 142 142
12.26 bindL 100.931 0 1.61788 1024 20 20
12.275 unbindL 104.083 0 1.88958 142 1053 142
12.295 bindL 104.485 0 1.32913 1053 194 194
12.305 unbindL 100.973 0 9.72366 166 1056 166
12.325 unbindL 100.332 0 6.91356 95 1058 95
12.335 unbindL 100.159 0 0.510714 112 1060 112
12.345 bindL 100.159 0 0.510714 1060 112 112
12.355 bindL 100.835 0 6.07774 1058 149 149
12.42 bindL 101.674 0 6.65442 1056 174 174
12.455 unbindL 102.93 0 8.6297 30 1065 30
12.465 bindL 103.299 0 9.93923 1065 184 184
12.475 unbindL 103.412 0 3.01281 197 1068 197
12.48 bindL 103.016 0 3.37848 1068 176 176
12.485 unbindL 100.467 0 1.57748 46 1071 46
12.49 bindL 100.503 0 1.37903 1071 35 35
12.54 unbindL 103.006 0 4.50471 21 1074 21
12.545 unbindL 104.433 0 6.47413 181 1076 181
12.55 bindL 103.53 0 5.95992 1076 138 138
12.57 bindL 104.844 0 8.1378 1015 61 61
12.605 bindL 101.018 0 1.05361 1074 200 200
12.615 unbindL 104.844 0 8.1378 61 1081 61
12.62 bindL 104.714 0 7.39086 1081 137 137
12.69 unbindL 100.214 0 4.64152 37 1084 37
12.695 bindL 100.193 0 4.35647 1084 41 41
12.7 unbindL 101.018 0 1.05361 200 1087 200
12.705 bindL 100.569 0 0.343156 1087 48 48
12.845 unbindL 100.931 0 1.61788 20 1090 20
12.85 bindL 100.443 0 1.09324 1090 186 186
12.87 unbindL 100.391 0 3.60346 71 1093 71
12.88 bindL 100.608 0 2.46791 1093 83 83
12.89 unbindL 100.193 0 4.35647 41 1096 41
12.895 bindL 100.214 0 4.64152 1096 37 37
12.945 unbindL 104.485 0 1.32913 194 1099 194
12.95 bindL 104.083 0 1.88958 1099 142 142
13.01 unbindL 100.569 0 0.343156 48 1102 48
13.015 unbindL 101.43 0 5.5148 157 1104 157
13.015 bindL 100.569 0 0.343156 1102 48 48
13.02 bindL 101.301 0 5.04781 1104 18 18
13.025 unbindL 100.443 0 1.09324 186 1108 186
13.035 bindL 101.432 0 2.45092 1108 100 100
13.095 unbindL 102.265 0 4.72287 44 1111 44
13.1 unbindL 101.301 0 5.04781 18 1113 18
13.1 bindL 102.137 0 4.14269 1111 99 99
13.105 bindL 101.256 0 4.16461 1113 59 59
13.125 bindL 100.017 0 1.4759 930 15 15
13.13 unbindL 100.569 0 0.343156 48 1118 48
13.21 unbindL 100.835 0 6.07774 149 1120 149
13.24 unbindL 100.608 0 2.46791 83 1122 83
13.25 bindL 100.194 0 3.05923 1122 17 17
13.255 unbindL 103.53 0 5.95992 138 1125 138
13.26 unbindL 103.299 0 9.93923 184 1127 184
13.26 bindL 103.443 0 6.64885 1125 4 4
13.275 bindL 102.851 0 0.400859 829 151 151
13.275 bindL 100.531 0 9.0244 1120 185 185
13.275 bindL 102.93 0 8.6297 1127 30 30
13.28 unbindL 100.838 0 3.86498 65 1133 65
13.285 bindL 101.494 0 3.80961 1133 29 29
13.3 unbindL 104.083 0 1.88958 142 1136 142
13.305 bindL 104.017 0 1.90785 1136 175 175
13.31 unbindL 104.017 0 1.90785 175 1139 175
13.33 unbindL 101.162 0 5.21835 84 1141 84
13.335 bindL 100.457 0 5.1025 1141 58 58
13.34 bindL 103.51 0 2.31887 1139 163 163
13.42 unbindL 100.503 0 1.37903 35 1145 35
13.425 bindL 100.467 0 1.57748 1145 46 46
13.455 unbindL 102.93 0 8.6297 30 1148 30
13.49 unbindL 102.851 0 0.400859 151 1150 151
13.58 unbindL 100.457 0 5.1025 58 1152 58
13.71 unbindL 103.775 0 6.31412 86 1154 86
13.715 bindL 103.841 0 7.06085 1154 26 26
13.72 unbindL 101.432 0 2.45092 100 1157 100
13.735 bindL 100.944 0 4.01983 1157 156 156
13.765 unbindL 100.467 0 1.57748 46 1160 46
13.77 unbindL 103.898 0 5.36901 120 1162 120
13.77 bindL 100.608 0 2.46791 1160 83 83
13.775 bindL 103.739 0 5.36177 1162 158 158
13.84 bindL 104.083 0 1.88958 693 142 142
13.875 unbindL 101.494 0 3.80961 29 1167 29
13.875 bindL 100.978 0 1.06909 1118 128 128
13.88 bindL 104.093 0 0.625537 251 192 192
13.88 bindL 100.838 0 3.86498 1167 65 65
13.885 bindL 103.226 0 3.76816 771 113 113
13.925 unbindL 104.093 0 0.625537 192 1173 192
13.975 unbindL 103.882 0 6.73459 118 1175 118
13.985 unbindL 100.017 0 1.4759 15 1177 15
14.025 unbindL 103.739 0 5.36177 158 1179 158
14.06 unbindL 101.256 0 4.16461 59 1181 59
14.065 bindL 101.026 0 0.707336 1177 135 135
14.065 bindL 101.494 0 3.80961 1181 29 29
14.16 unbindL 103.841 0 7.06085 26 1185 26
14.19 unbindL 104.003 0 6.43929 104 1187 104
14.2 bindL 104.867 0 6.92193 1187 193 193
14.22 unbindL 103.016 0 3.37848 176 1190 176
14.24 unbindL 100.214 0 4.64152 37 1192 37
14.25 bindL 102.651 0 2.97757 1190 150 150
14.26 bindL 100.702 0 3.0174 1192 70 70
14.29 unbindL 104.714 0 7.39086 137 1196 137
14.32 bindL 104.844 0 8.1378 304 61 61
14.35 unbindL 100.531 0 9.0244 185 1199 185
14.355 bindL 100.257 0 8.68439 1199 119 119
14.365 unbindL 104.844 0 8.1378 61 1202 61
14.37 bindL 104.714 0 7.39086 1202 137 137
14.385 unbindL 104.083 0 1.88958 142 1205 142
14.385 bindL 101.621 0 6.94699 1175 38 38
14.425 bindL 100.332 0 6.91356 313 95 95
14.43 unbindL 100.194 0 3.05923 17 1209 17
14.46 unbindL 101.494 0 3.80961 29 1211 29
14.475 bindL 101.64 0 3.47789 1211 47 47
14.505 unbindL 101.64 0 3.47789 47 1214 47
14.53 unbindL 100.302 0 5.23229 152 1216 152
14.53 bindL 102.265 0 4.72287 1214 44 44
14.55 bindL 100.457 0 5.1025 1216 58 58
14.58 unbindL 100.608 0 2.46791 83 1220 83
14.585 bindL 101.183 0 2.42222 1220 108 108
14.61 unbindL 104.714 0 7.39086 137 1223 137
14.64 bindL 100.584 0 0.770356 1209 183 183
14.665 unbindL 100.944 0 4.01983 156 1226 156
14.67 bindL 103.762 0 8.9897 1185 117 117
14.68 bindL 104.714 0 7.39086 1223 137 137
14.735 unbindL 101.674 0 6.65442 174 1230 174
14.755 unbindL 103.779 0 6.60239 74 1232 74
14.755 bindL 101.9 0 5.40921 1230 165 165
14.77 unbindL 100.332 0 6.91356 95 1235 95
14.8 unbindL 100.257 0 8.68439 119 1237 119
14.8 bindL 101.43 0 5.5148 1235 157 157
14.84 unbindL 103.443 0 6.64885 4 1240 4
14.845 unbindL 104.714 0 7.39086 137 1242 137
14.845 bindL 104.933 0 5.84585 408 125 125
14.845 bindL 100.531 0 9.0244 1237 185 185
14.85 bindL 103.53 0 5.95992 1205 138 138
14.85 bindL 104.278 0 7.36524 1242 126 126
14.865 unbindL 103.53 0 5.95992 138 1248 138
14.865 bindL 103.898 0 5.36901 1240 120 120
14.895 unbindL 101.905 0 3.9428 173 1251 173
14.9 bindL 101.494 0 3.80961 1251 29 29
14.905 unbindL 103.226 0 3.76816 113 1254 113
14.925 unbindL 102.651 0 2.97757 150 1256 150
14.94 bindL 104.759 0 7.42652 1226 90 90
14.98 unbindL 102.137 0 4.14269 99 1259 99
15.015 unbindL 103.898 0 5.36901 120 1261 120
15.02 bindL 101.256 0 4.16461 1259 59 59
15.02 bindL 103.857 0 5.36436 1261 129 129
15.045 bindL 103.066 0 5.7109 1248 127 127
15.08 unbindL 100.457 0 5.1025 58 1266 58
15.16 unbindL 103.857 0 5.36436 129 1268 129
15.165 bindL 104.296 0 5.43613 1268 53 53
15.185 unbindL 104.933 0 5.84585 125 1271 125
15.195 unbindL 101.494 0 3.80961 29 1273 29
15.215 bindL 101.64 0 3.47789 1273 47 47
15.245 unbindL 101.183 0 2.42222 108 1276 108
15.25 bindL 101.19 0 1.80493 1276 188 188
15.285 unbindL 103.066 0 5.7109 127 1279 127
15.29 bindL 102.296 0 7.18618 360 140 140
15.29 bindL 103.53 0 5.95992 1279 138 138
15.345 unbindL 100.159 0 0.510714 112 1283 112
15.355 unbindL 104.278 0 7.36524 126 1285 126
15.36 bindL 100.017 0 1.4759 1283 15 15
15.36 bindL 103.841 0 7.06085 1285 26 26
15.375 unbindL 100.978 0 1.06909 128 1289 128
15.38 bindL 101.397 0 0.58648 1289 144 144
15.4 unbindL 101.9 0 5.40921 165 1292 165
15.41 bindL 101.162 0 5.21835 1292 84 84
15.45 unbindL 100.531 0 9.0244 185 1295 185
15.505 unbindL 104.296 0 5.43613 53 1297 53
15.545 unbindL 101.19 0 1.80493 188 1299 188
15.555 bindL 100.978 0 1.06909 1299 128 128
15.56 bindL 102.356 0 6.29957 1295 87 87
15.575 bindL 100.463 0 6.47336 1150 98 98
15.67 unbindL 102.296 0 7.18618 140 1304 140
15.675 unbindL 103.51 0 2.31887 163 1306 163
15.675 bindL 101.911 0 7.19101 1304 33 33
15.68 unbindL 101.256 0 4.16461 59 1309 59
15.7 unbindL 104.867 0 6.92193 193 1311 193
15.705 bindL 102.539 0 5.32055 1306 133 133
15.73 bindL 101.951 0 3.54695 1309 24 24
15.78 bindL 102.948 0 1.47662 1266 187 187
15.8 unbindL 102.356 0 6.29957 87 1316 87
15.81 bindL 103.443 0 6.64885 1316 4 4
15.82 unbindL 100.017 0 1.4759 15 1319 15
15.825 unbindL 100.838 0 3.86498 65 1321 65
15.825 bindL 104.093 0 0.625537 1254 192 192
15.825 bindL 100.467 0 1.57748 1319 46 46
15.83 bindL 100.214 0 4.64152 276 37 37
15.835 bindL 100.627 0 2.99833 1321 161 161
15.85 unbindL 101.64 0 3.47789 47 1327 47
15.855 unbindL 101.026 0 0.707336 135 1329 135
15.86 bindL 101.371 0 0.423335 1329 160 160
15.88 bindL 102.197 0 2.22954 1327 115 115
15.89 unbindL 101.371 0 0.423335 160 1333 160
15.945 unbindL 101.951 0 3.54695 24 1335 24
15.95 bindL 101.905 0 3.9428 1335 173 173
15.955 unbindL 102.197 0 2.22954 115 1338 115
16 unbindL 100.463 0 6.47336 98 1340 98
16.01 unbindL 103.841 0 7.06085 26 1342 26
16.015 bindL 103.29 0 8.15707 1342 130 130
16.06 bindL 100.245 0 6.58673 1152 62 62
16.12 unbindL 100.584 0 0.770356 183 1346 183
16.13 bindL 101.026 0 0.707336 1346 135 135
16.15 unbindL 100.627 0 2.99833 161 1349 161
16.16 bindL 100.194 0 3.05923 1349 17 17
16.17 unbindL 101.068 0 9.78209 195 1352 195
16.19 bindL 100.702 0 7.91054 1352 190 190
16.22 unbindL 101.43 0 5.5148 157 1355 157
16.265 unbindL 103.53 0 5.95992 138 1357 138
16.27 bindL 103.779 0 6.60239 1357 74 74
16.305 unbindL 101.397 0 0.58648 144 1360 144
16.33 unbindL 103.443 0 6.64885 4 1362 4
16.335 bindL 103.775 0 6.31412 1362 86 86
16.34 bindL 102.348 0 2.34757 1360 7 7
16.365 unbindL 103.762 0 8.9897 117 1366 117
16.37 unbindL 101.911 0 7.19101 33 1368 33
16.37 bindL 102.85 0 8.97517 1366 66 66
16.375 bindL 102.296 0 7.18618 1368 140 140
16.4 unbindL 101.162 0 5.21835 84 1372 84
16.405 bindL 104.003 0 6.43929 341 104 104
16.41 bindL 100.302 0 5.23229 1372 152 152
16.42 unbindL 102.265 0 4.72287 44 1376 44
16.43 bindL 102.189 0 9.9786 1232 167 167
16.49 bindL 101.677 0 5.69542 1376 141 141
16.495 unbindL 101.026 0 0.707336 135 1380 135
16.505 bindL 101.371 0 0.423335 1380 160 160
16.55 unbindL 104.093 0 0.625537 192 1383 192
16.565 bindL 103.066 0 5.7109 1333 127 127
16.595 unbindL 103.29 0 8.15707 130 1386 130
16.62 unbindL 103.779 0 6.60239 74 1388 74
16.625 bindL 101.042 0 9.09757 373 77 77
16.645 bindL 101.911 0 7.19101 1388 33 33
16.65 unbindL 102.296 0 7.18618 140 1392 140
16.65 unbindL 102.85 0 8.97517 66 1394 66
16.655 bindL 101.674 0 6.65442 1392 174 174
16.66 unbindL 101.674 0 6.65442 174 1397 174
16.665 bindL 102.705 0 7.38041 1397 107 107
16.715 bindL 102.651 0 2.97757 1179 150 150
16.74 bindL 104.157 0 0.853225 1355 121 121
16.78 bindL 103.443 0 6.64885 1394 4 4
16.855 bindL 100.391 0 3.60346 1383 71 71
17 unbindL 101.911 0 7.19101 33 1404 33
17.005 bindL 101.962 0 5.98405 1404 178 178
17.03 unbindL 100.702 0 3.0174 70 1407 70
17.03 unbindL 101.621 0 6.94699 38 1409 38
17.105 unbindL 101.962 0 5.98405 178 1411 178
17.115 bindL 102.682 0 6.75955 1411 85 85
17.13 unbindL 100.467 0 1.57748 46 1414 46
17.135 bindL 101.026 0 0.707336 1414 135 135
17.2 unbindL 100.245 0 6.58673 62 1417 62
17.21 bindL 100.332 0 6.91356 1417 95 95
17.215 unbindL 101.026 0 0.707336 135 1420 135
17.225 unbindL 103.066 0 5.7109 127 1422 127
17.225 bindL 100.159 0 0.510714 1420 112 112
17.235 unbindL 100.214 0 4.64152 37 1425 37
17.25 bindL 100.187 0 5.92236 1425 143 143
17.265 unbindL 102.651 0 2.97757 150 1428 150
17.27 bindL 103.016 0 3.37848 1428 176 176
17.295 unbindL 104.759 0 7.42652 90 1431 90
17.3 unbindL 100.187 0 5.92236 143 1433 143
17.31 bindL 102.038 0 8.37602 1338 134 134
17.315 unbindL 104.157 0 0.853225 121 1436 121
17.325 unbindL 103.443 0 6.64885 4 1438 4
17.34 bindL 101.364 0 3.06437 1422 196 196
17.35 bindL 103.779 0 6.60239 1438 74 74
17.38 bindL 102.272 0 9.98152 1431 177 177
17.405 bindL 104.25 0 4.97789 1409 12 12
17.425 unbindL 103.016 0 3.37848 176 1444 176
17.43 unbindL 102.682 0 6.75955 85 1446 85
17.43 bindL 102.651 0 2.97757 1444 150 150
17.455 bindL 101.921 0 5.7268 1446 89 89
17.49 unbindL 101.042 0 9.09757 77 1450 77
17.495 bindL 101.758 0 9.54522 1450 145 145
17.52 unbindL 101.371 0 0.423335 160 1453 160
17.54 bindL 100.569 0 0.343156 1453 48 48
17.57 unbindL 100.978 0 1.06909 128 1456 128
17.6 unbindL 102.348 0 2.34757 7 1458 7
17.6 bindL 100.939 0 0.495967 1456 172 172
17.625 bindL 101.64 0 3.47789 1458 47 47
17.65 unbindL 102.038 0 8.37602 134 1462 134
17.655 bindL 103.802 0 3.57228 1436 153 153
17.655 bindL 102.85 0 8.97517 1462 66 66
17.665 unbindL 102.539 0 5.32055 133 1466 133
17.69 unbindL 102.272 0 9.98152 177 1468 177
17.7 unbindL 101.905 0 3.9428 173 1470 173
17.705 bindL 103.016 0 3.37848 1470 176 176
17.735 unbindL 100.391 0 3.60346 71 1473 71
17.735 bindL 103.116 0 7.9754 1468 40 40
17.755 unbindL 100.159 0 0.510714 112 1476 112
17.755 bindL 100.702 0 3.0174 1473 70 70
17.765 unbindL 101.921 0 5.7268 89 1479 89
17.77 bindL 101.84 0 0.418477 1476 162 162
17.785 bindL 102.305 0 7.58299 1479 55 55
17.89 unbindL 103.016 0 3.37848 176 1483 176
17.895 bindL 103.412 0 3.01281 1483 197 197
17.93 unbindL 103.116 0 7.9754 40 1486 40
17.98 unbindL 104.25 0 4.97789 12 1488 12
17.985 bindL 103.898 0 5.36901 1488 120 120
18.035 unbindL 102.305 0 7.58299 55 1491 55
18.04 bindL 103.137 0 8.46627 1491 123 123
18.05 unbindL 101.677 0 5.69542 141 1494 141
18.055 bindL 101.962 0 5.98405 1494 178 178
18.075 unbindL 104.003 0 6.43929 104 1497 104
18.08 bindL 104.003 0 6.43929 1497 104 104
18.12 bindL 100.322 0 2.38668 285 154 154
18.27 unbindL 100.939 0 0.495967 172 1501 172
18.305 unbindL 102.948 0 1.47662 187 1503 187
18.315 bindL 102.851 0 0.400859 1503 151 151
18.395 unbindL 103.775 0 6.31412 86 1506 86
18.4 bindL 103.841 0 7.06085 1506 26 26
18.405 unbindL 101.758 0 9.54522 145 1509 145
18.41 unbindL 103.412 0 3.01281 197 1511 197
18.41 bindL 102.272 0 9.98152 1509 177 177
18.415 bindL 103.016 0 3.37848 1511 176 176
18.42 unbindL 101.364 0 3.06437 196 1515 196
18.43 bindL 101.494 0 3.80961 1515 29 29
18.445 unbindL 103.779 0 6.60239 74 1518 74
18.45 bindL 104.278 0 7.36524 1518 126 126
18.455 unbindL 103.898 0 5.36901 120 1521 120
18.46 bindL 104.331 0 5.82959 1521 64 64
18.465 bindL 104.933 0 5.84585 229 125 125
18.495 unbindL 100.702 0 3.0174 70 1525 70
18.5 bindL 101.364 0 3.06437 1525 196 196
18.505 unbindL 100.569 0 0.343156 48 1528 48
18.515 unbindL 100.702 0 7.91054 190 1530 190
18.53 unbindL 102.85 0 8.97517 66 1532 66
18.54 unbindL 101.494 0 3.80961 29 1534 29
18.555 bindL 102.137 0 4.14269 1534 99 99
18.57 bindL 103.267 0 7.36761 1530 170 170
18.585 unbindL 102.137 0 4.14269 99 1538 99
18.605 bindL 101.301 0 5.04781 1538 18 18
18.635 bindL 100.214 0 4.64152 673 37 37
18.655 unbindL 101.84 0 0.418477 162 1542 162
18.665 bindL 101.371 0 0.423335 1542 160 160
18.67 unbindL 103.802 0 3.57228 153 1545 153
18.685 bindL 104.301 0 3.50624 1545 39 39
18.72 bindL 104.656 0 5.91591 399 1 1
18.75 unbindL 101.371 0 0.423335 160 1549 160
18.75 bindL 104.911 0 5.20401 1532 49 49
18.8 bindL 104.178 0 1.15437 215 2 2
18.82 unbindL 100.332 0 6.91356 95 1553 95
18.82 unbindL 101.64 0 3.47789 47 1555 47
18.825 unbindL 103.267 0 7.36761 170 1557 170
18.83 bindL 103.38 0 0.765689 1549 182 182
18.83 bindL 103.116 0 7.9754 1557 40 40
18.84 unbindL 103.38 0 0.765689 182 1561 182
18.84 bindL 103.006 0 4.50471 1555 21 21
18.85 bindL 101.911 0 7.19101 1553 33 33
18.895 unbindL 100.214 0 4.64152 37 1565 37
18.895 bindL 100.584 0 0.770356 1528 183 183
18.9 unbindL 103.016 0 3.37848 176 1568 176
18.9 bindL 101.494 0 3.80961 1565 29 29
18.905 bindL 103.016 0 3.37848 1568 176 176
18.94 unbindL 103.116 0 7.9754 40 1572 40
18.95 bindL 103.29 0 8.15707 1572 130 130
18.965 unbindL 103.29 0 8.15707 130 1575 130
18.97 unbindL 101.301 0 5.04781 18 1577 18
18.975 bindL 100.483 0 5.00114 1577 14 14
18.985 unbindL 103.137 0 8.46627 123 1580 123
18.99 bindL 102.85 0 8.97517 1580 66 66
19.015 unbindL 104.331 0 5.82959 64 1583 64
19.02 bindL 104.609 0 2.30126 690 8 8
19.02 bindL 104.587 0 5.67045 1583 122 122
19.095 unbindL 100.483 0 5.00114 14 1587 14
19.1 bindL 100.508 0 5.95019 1386 103 103
19.1 bindL 101.162 0 5.21835 1587 84 84
19.105 unbindL 102.705 0 7.38041 107 1591 107
19.145 unbindL 104.278 0 7.36524 126 1593 126
19.15 bindL 104.844 0 8.1378 1593 61 61
19.16 bindL 103.846 0 9.6418 1591 96 96
19.165 unbindL 101.911 0 7.19101 33 1597 33
19.17 bindL 102.682 0 6.75955 1597 85 85
19.23 unbindL 104.178 0 1.15437 2 1600 2
19.235 bindL 104.485 0 1.32913 1600 194 194
19.245 unbindL 101.364 0 3.06437 196 1603 196
19.245 bindL 104.433 0 6.47413 1340 181 181
19.25 bindL 101.183 0 2.42222 1603 108 108
19.26 unbindL 104.911 0 5.20401 49 1607 49
19.265 bindL 104.296 0 5.43613 1607 53 53
19.27 unbindL 100.194 0 3.05923 17 1610 17
19.29 unbindL 104.933 0 5.84585 125 1612 125
19.31 unbindL 104.301 0 3.50624 39 1614 39
19.335 bindL 104.063 0 3.01497 1614 94 94
19.345 unbindL 101.183 0 2.42222 108 1617 108
19.35 bindL 101.432 0 2.45092 1617 100 100
19.395 unbindL 103.016 0 3.37848 176 1620 176
19.43 unbindL 102.851 0 0.400859 151 1622 151
19.435 bindL 102.083 0 1.32773 1622 106 106
19.445 unbindL 102.189 0 9.9786 167 1625 167
19.475 unbindL 103.006 0 4.50471 21 1627 21
19.48 bindL 102.265 0 4.72287 1627 44 44
19.49 bindL 101.665 0 9.98845 1625 111 111
19.52 unbindL 104.485 0 1.32913 194 1631 194
19.53 unbindL 101.162 0 5.21835 84 1633 84
19.535 bindL 101.162 0 5.21835 1633 84 84
19.565 unbindL 102.272 0 9.98152 177 1636 177
19.57 unbindL 104.003 0 6.43929 104 1638 104
19.59 unbindL 104.296 0 5.43613 53 1640 53
19.605 bindL 104.003 0 6.43929 1638 104 104
19.605 bindL 102.627 0 4.78163 1640 54 54
19.61 unbindL 102.682 0 6.75955 85 1644 85
19.62 unbindL 100.584 0 0.770356 183 1646 183
19.625 bindL 100.978 0 1.06909 1646 128 128
19.63 unbindL 102.85 0 8.97517 66 1649 66
19.635 bindL 101.573 0 8.22284 1649 131 131
19.66 unbindL 102.265 0 4.72287 44 1652 44
19.665 bindL 101.758 0 9.54522 1575 145 145
19.665 bindL 101.268 0 4.63114 1652 56 56
19.685 unbindL 104.433 0 6.47413 181 1656 181
19.69 bindL 103.779 0 6.60239 1656 74 74
19.71 unbindL 103.841 0 7.06085 26 1659 26
19.715 bindL 104.433 0 6.47413 1659 181 181
19.72 bindL 100.944 0 4.01983 1620 156 156
19.75 unbindL 102.627 0 4.78163 54 1663 54
19.76 unbindL 101.494 0 3.80961 29 1665 29
19.76 bindL 103.553 0 3.94272 1663 191 191
19.765 bindL 101.905 0 3.9428 1665 173 173
19.775 bindL 103.38 0 0.765689 1610 182 182
19.785 unbindL 104.587 0 5.67045 122 1670 122
19.79 bindL 104.331 0 5.82959 1670 64 64
19.795 unbindL 100.302 0 5.23229 152 1673 152
19.865 unbindL 102.083 0 1.32773 106 1675 106
19.87 unbindL 100.322 0 2.38668 154 1677 154
19.875 bindL 101.965 0 0.851364 1675 81 81
19.95 unbindL 102.651 0 2.97757 150 1680 150
19.98 bindL 101.068 0 9.78209 1673 195 195
20.025 bindL 100.245 0 6.58673 1677 62 62
20.035 bindL 104.587 0 5.67045 1256 122 122
20.08 bindL 102.265 0 4.72287 433 44 44
20.125 unbindL 104.656 0 5.91591 1 1686 1
20.155 bindL 103.898 0 5.36901 1686 120 120
20.165 unbindL 100.944 0 4.01983 156 1689 156
20.18 bindL 104.407 0 0.268165 1466 51 51
20.18 bindL 101.256 0 4.16461 1689 59 59
20.22 unbindL 101.162 0 5.21835 84 1693 84
20.26 unbindL 104.433 0 6.47413 181 1695 181
20.26 bindL 103.006 0 4.50471 1680 21 21
20.265 bindL 104.296 0 5.43613 1693 53 53
20.29 unbindL 101.068 0 9.78209 195 1699 195
20.31 bindL 100.718 0 9.39636 1699 68 68
20.34 bindL 103.412 0 3.01281 427 197 197
20.355 unbindL 104.609 0 2.30126 8 1703 8
20.36 bindL 104.485 0 1.32913 1703 194 194
20.39 unbindL 104.587 0 5.67045 122 1706 122
20.41 unbindL 104.407 0 0.268165 51 1708 51
20.415 bindL 103.498 0 5.04676 1706 189 189
20.415 bindL 104.178 0 1.15437 1708 2 2
20.42 unbindL 104.844 0 8.1378 61 1712 61
20.42 bindL 103.016 0 3.37848 1695 176 176
20.43 unbindL 100.718 0 9.39636 68 1715 68
20.435 unbindL 103.498 0 5.04676 189 1717 189
20.435 bindL 100.531 0 9.0244 1715 185 185
20.44 unbindL 103.898 0 5.36901 120 1720 120
20.44 unbindL 100.531 0 9.0244 185 1722 185
20.44 bindL 103.857 0 5.36436 1717 129 129
20.45 unbindL 104.178 0 1.15437 2 1725 2
20.455 bindL 104.083 0 1.88958 1725 142 142
20.515 bindL 100.702 0 7.91054 1722 190 190
20.535 unbindL 104.003 0 6.43929 104 1729 104
20.57 unbindL 104.083 0 1.88958 142 1731 142
20.58 bindL 103.382 0 6.86115 1729 88 88
20.6 unbindL 100.245 0 6.58673 62 1734 62
20.605 bindL 100.332 0 6.91356 1734 95 95
20.615 unbindL 100.702 0 7.91054 190 1737 190
20.655 bindL 103.51 0 2.31887 1731 163 163
20.68 unbindL 101.256 0 4.16461 59 1740 59
20.7 bindL 101.256 0 4.16461 1740 59 59
20.825 unbindL 103.016 0 3.37848 176 1743 176
20.825 unbindL 101.256 0 4.16461 59 1745 59
20.84 unbindL 104.296 0 5.43613 53 1747 53
20.84 bindL 101.494 0 3.80961 1745 29 29
20.845 bindL 102.133 0 2.77857 1743 52 52
20.845 bindL 103.498 0 5.04676 1747 189 189
20.865 unbindL 102.265 0 4.72287 44 1752 44
20.87 bindL 102.265 0 4.72287 1752 44 44
20.88 unbindL 103.382 0 6.86115 88 1755 88
20.885 bindL 103.267 0 7.36761 1755 170 170
20.91 unbindL 102.133 0 2.77857 52 1758 52
20.92 unbindL 104.485 0 1.32913 194 1760 194
20.925 bindL 104.14 0 1.71115 1760 73 73
20.945 bindL 103.802 0 3.57228 1758 153 153
20.965 unbindL 101.962 0 5.98405 178 1764 178
20.97 bindL 101.921 0 5.7268 1764 89 89
21.025 unbindL 100.332 0 6.91356 95 1767 95
21.08 unbindL 104.14 0 1.71115 73 1769 73
21.11 unbindL 104.331 0 5.82959 64 1771 64
21.125 bindL 104.656 0 5.91591 1771 1 1
21.135 unbindL 100.978 0 1.06909 128 1774 128
21.145 unbindL 103.498 0 5.04676 189 1776 189
21.16 bindL 104.25 0 4.97789 1776 12 12
21.19 unbindL 104.656 0 5.91591 1 1779 1
21.275 unbindL 102.265 0 4.72287 44 1781 44
21.28 unbindL 101.494 0 3.80961 29 1783 29
21.285 bindL 102.356 0 6.29957 1779 87 87
21.285 bindL 101.951 0 3.54695 1783 24 24
21.29 bindL 102.265 0 4.72287 1781 44 44
21.3 unbindL 103.802 0 3.57228 153 1788 153
21.305 bindL 103.587 0 3.5244 1788 91 91
21.355 unbindL 101.432 0 2.45092 100 1791 100
21.36 bindL 101.364 0 3.06437 1791 196 196
21.415 unbindL 101.951 0 3.54695 24 1794 24
21.415 bindL 104.473 0 2.39867 1720 69 69
21.42 bindL 101.494 0 3.80961 1794 29 29
21.51 unbindL 101.364 0 3.06437 196 1798 196
21.515 bindL 101.64 0 3.47789 1798 47 47
21.57 unbindL 100.508 0 5.95019 103 1801 103
21.755 unbindL 103.779 0 6.60239 74 1803 74
21.76 bindL 103.382 0 6.86115 1803 88 88
21.795 unbindL 104.25 0 4.97789 12 1806 12
21.805 bindL 103.779 0 6.60239 1806 74 74
21.815 bindL 104.301 0 3.50624 426 39 39
21.835 unbindL 101.921 0 5.7268 89 1810 89
21.84 bindL 100.925 0 7.00148 1810 199 199
21.86 unbindL 101.665 0 9.98845 111 1813 111
21.95 unbindL 102.356 0 6.29957 87 1815 87
21.955 bindL 101.981 0 6.45962 1815 45 45
21.96 bindL 100.835 0 6.07774 346 149 149
21.965 unbindL 103.267 0 7.36761 170 1819 170
21.965 unbindL 103.51 0 2.31887 163 1821 163
21.97 unbindL 103.779 0 6.60239 74 1823 74
21.97 bindL 102.948 0 1.47662 1821 187 187
21.985 bindL 104.433 0 6.47413 1823 181 181
21.995 unbindL 100.835 0 6.07774 149 1827 149
22.015 unbindL 103.587 0 3.5244 91 1829 91
22.02 bindL 101.621 0 6.94699 1827 38 38
22.03 unbindL 101.573 0 8.22284 131 1832 131
22.03 bindL 100.838 0 3.86498 1819 65 65
22.04 bindL 102.289 0 7.86204 1832 148 148
22.05 unbindL 103.38 0 0.765689 182 1836 182
22.055 unbindL 103.857 0 5.36436 129 1838 129
22.055 bindL 104.485 0 1.32913 1836 194 194
22.06 bindL 103.53 0 5.95992 1838 138 138
22.085 unbindL 101.494 0 3.80961 29 1842 29
22.125 unbindL 103.846 0 9.6418 96 1844 96
22.135 unbindL 103.53 0 5.95992 138 1846 138
22.135 bindL 100.973 0 2.14046 1829 32 32
22.135 bindL 103.29 0 8.15707 1844 130 130
22.14 bindL 103.202 0 5.68886 1846 124 124
22.17 unbindL 104.301 0 3.50624 39 1851 39
22.2 unbindL 100.838 0 3.86498 65 1853 65
22.205 unbindL 103.412 0 3.01281 197 1855 197
22.21 bindL 101.162 0 5.21835 1853 84 84
22.215 bindL 101.458 0 8.62486 1813 101 101
22.215 bindL 103.016 0 3.37848 1855 176 176
22.22 unbindL 102.948 0 1.47662 187 1860 187
22.245 unbindL 101.965 0 0.851364 81 1862 81
22.265 bindL 102.404 0 1.26045 1862 155 155
22.27 unbindL 101.981 0 6.45962 45 1865 45
22.275 bindL 104.407 0 0.268165 1860 51 51
22.275 bindL 101.674 0 6.65442 1865 174 174
22.3 unbindL 101.758 0 9.54522 145 1869 145
22.31 unbindL 101.64 0 3.47789 47 1871 47
22.345 unbindL 104.407 0 0.268165 51 1873 51
22.345 bindL 100.017 0 1.4759 1501 15 15
22.355 bindL 101.018 0 1.05361 432 200 200
22.365 bindL 101.042 0 9.09757 1869 77 77
22.39 unbindL 101.018 0 1.05361 200 1878 200
22.39 bindL 103.226 0 3.76816 1871 113 113
22.395 unbindL 101.458 0 8.62486 101 1881 101
22.4 bindL 101.573 0 8.22284 1881 131 131
22.405 bindL 100.939 0 0.495967 1878 172 172
22.425 unbindL 103.006 0 4.50471 21 1885 21
22.435 unbindL 103.553 0 3.94272 191 1887 191
22.44 bindL 103.006 0 4.50471 1887 21 21
22.475 unbindL 103.016 0 3.37848 176 1890 176
22.53 bindL 100.159 0 0.510714 1297 112 112
22.67 unbindL 104.485 0 1.32913 194 1893 194
22.67 unbindL 101.573 0 8.22284 131 1895 131
22.675 bindL 103.779 0 6.60239 1842 74 74
22.72 bindL 100.245 0 6.58673 348 62 62
22.75 unbindL 101.042 0 9.09757 77 1899 77
22.75 bindL 101.573 0 8.22284 1895 131 131
22.765 bindL 100.718 0 9.39636 1899 68 68
22.83 unbindL 102.404 0 1.26045 155 1903 155
22.87 bindL 104.301 0 3.50624 1903 39 39
22.875 unbindL 100.159 0 0.510714 112 1906 112
22.875 unbindL 103.006 0 4.50471 21 1908 21
22.88 bindL 102.137 0 4.14269 1908 99 99
22.9 unbindL 101.621 0 6.94699 38 1911 38
22.905 bindL 100.463 0 6.47336 1911 98 98
22.935 unbindL 100.017 0 1.4759 15 1914 15
22.94 bindL 100.584 0 0.770356 1914 183 183
22.945 bindL 101.84 0 0.418477 1906 162 162
22.98 bindL 104.017 0 1.90785 1893 175 175
23.04 unbindL 101.268 0 4.63114 56 1919 56
23.045 bindL 101.268 0 4.63114 1919 56 56
23.08 bindL 102.85 0 8.97517 1873 66 66
23.095 unbindL 101.84 0 0.418477 162 1923 162
23.095 unbindL 104.017 0 1.90785 175 1925 175
23.1 bindL 101.371 0 0.423335 1923 160 160
23.105 bindL 102.429 0 1.06804 1925 164 164
23.18 unbindL 100.463 0 6.47336 98 1929 98
23.245 bindL 100.508 0 5.95019 1929 103 103
23.255 unbindL 101.905 0 3.9428 173 1932 173
23.255 bindL 104.108 0 5.47954 1769 146 146
23.26 bindL 100.838 0 3.86498 1932 65 65
23.285 unbindL 101.674 0 6.65442 174 1936 174
23.365 bindL 100.214 0 4.64152 1486 37 37
23.37 bindL 101.677 0 5.69542 1936 141 141
23.4 unbindL 104.301 0 3.50624 39 1940 39
23.425 unbindL 100.718 0 9.39636 68 1942 68
23.43 unbindL 100.584 0 0.770356 183 1944 183
23.43 bindL 100.576 0 9.60387 1942 159 159
23.475 unbindL 100.939 0 0.495967 172 1947 172
23.48 unbindL 104.063 0 3.01497 94 1949 94
23.495 bindL 102.651 0 2.97757 1949 150 150
23.51 unbindL 102.429 0 1.06804 164 1952 164
23.51 unbindL 104.108 0 5.47954 146 1954 146
23.525 bindL 102.26 0 1.94634 1952 80 80
23.535 bindL 104.296 0 5.43613 1954 53 53
23.56 unbindL 100.973 0 2.14046 32 1958 32
23.565 bindL 101.183 0 2.42222 1958 108 108
23.58 unbindL 102.26 0 1.94634 80 1961 80
23.61 bindL 103.51 0 2.31887 1961 163 163
23.625 unbindL 100.838 0 3.86498 65 1964 65
23.63 bindL 100.193 0 4.35647 1964 41 41
23.645 unbindL 103.779 0 6.60239 74 1967 74
23.65 bindL 103.775 0 6.31412 1967 86 86
23.665 unbindL 101.268 0 4.63114 56 1970 56
23.675 unbindL 102.137 0 4.14269 99 1972 99
23.685 unbindL 100.925 0 7.00148 199 1974 199
23.69 bindL 100.892 0 7.06876 1974 79 79
23.7 bindL 102.356 0 6.29957 1972 87 87
23.725 bindL 104.867 0 6.92193 1890 193 193
23.735 bindL 103.006 0 4.50471 1970 21 21
23.84 unbindL 103.775 0 6.31412 86 1980 86
23.85 unbindL 103.29 0 8.15707 130 1982 130
23.855 bindL 102.707 0 8.98959 1982 168 168
23.93 unbindL 103.226 0 3.76816 113 1985 113
23.945 bindL 103.498 0 5.04676 1985 189 189
23.95 unbindL 101.183 0 2.42222 108 1988 108
23.965 bindL 104.609 0 2.30126 1561 8 8
23.98 unbindL 100.193 0 4.35647 41 1991 41
24 bindL 100.538 0 1.10525 1988 3 3
24.025 bindL 101.268 0 4.63114 1991 56 56
24.065 unbindL 104.473 0 2.39867 69 1995 69
24.1 bindL 103.857 0 5.36436 1995 129 129
24.11 unbindL 103.382 0 6.86115 88 1998 88
24.125 unbindL 102.265 0 4.72287 44 2000 44
24.15 unbindL 104.867 0 6.92193 193 2002 193
24.16 unbindL 104.433 0 6.47413 181 2004 181
24.16 bindL 102.682 0 6.75955 1998 85 85
24.165 unbindL 100.892 0 7.06876 79 2007 79
24.17 bindL 101.577 0 7.95292 2007 93 93
24.175 bindL 103.53 0 5.95992 2004 138 138
24.195 unbindL 100.508 0 5.95019 103 2011 103
24.2 bindL 100.835 0 6.07774 2011 149 149
24.24 bindL 103.049 0 6.74077 1947 42 42
24.275 unbindL 100.214 0 4.64152 37 2015 37
24.28 bindL 100.193 0 4.35647 2015 41 41
24.285 bindL 104.331 0 5.82959 2000 64 64
24.305 unbindL 102.289 0 7.86204 148 2019 148
24.31 bindL 102.305 0 7.58299 2019 55 55
24.4 unbindL 103.006 0 4.50471 21 2022 21
24.425 bindL 104.933 0 5.84585 1801 125 125
24.44 bindL 103.226 0 3.76816 2022 113 113
24.45 unbindL 104.609 0 2.30126 8 2026 8
24.455 unbindL 100.193 0 4.35647 41 2028 41
24.46 bindL 104.473 0 2.39867 2026 69 69
24.465 bindL 101.016 0 4.68385 2028 171 171
24.475 unbindL 101.016 0 4.68385 171 2032 171
24.485 unbindL 104.296 0 5.43613 53 2034 53
24.51 unbindL 104.473 0 2.39867 69 2036 69
24.515 bindL 103.773 0 2.2007 2036 16 16
24.53 unbindL 102.682 0 6.75955 85 2039 85
24.535 unbindL 103.51 0 2.31887 163 2041 163
24.535 bindL 102.705 0 7.38041 2039 107 107
24.57 bindL 104.25 0 4.97789 2034 12 12
24.63 unbindL 102.705 0 7.38041 107 2045 107
24.635 bindL 101.911 0 7.19101 2045 33 33
24.69 unbindL 100.576 0 9.60387 159 2048 159
24.7 unbindL 102.305 0 7.58299 55 2050 55
24.725 bindL 100.531 0 9.0244 2048 185 185
24.745 bindL 100.973 0 9.72366 2050 166 166
24.765 bindL 100.302 0 5.23229 1767 152 152
24.805 unbindL 103.498 0 5.04676 189 2055 189
24.84 bindL 103.016 0 3.37848 2055 176 176
24.85 unbindL 101.677 0 5.69542 141 2058 141
24.865 bindL 100.463 0 6.47336 1737 98 98
24.87 bindL 100.508 0 5.95019 2058 103 103
24.9 bindL 103.066 0 5.7109 1885 127 127
24.945 unbindL 103.066 0 5.7109 127 2063 127
24.95 bindL 102.682 0 6.75955 2063 85 85
24.975 bindL 100.591 0 8.30075 292 31 31
24.995 unbindL 100.463 0 6.47336 98 2067 98
24.995 bindL 100.483 0 5.00114 2032 14 14
25 bindL 100.187 0 5.92236 2067 143 143
25.03 unbindL 100.302 0 5.23229 152 2071 152
25.035 bindL 100.214 0 4.64152 2071 37 37
25.04 unbindL 103.53 0 5.95992 138 2074 138
25.105 unbindL 100.538 0 1.10525 3 2076 3
25.16 unbindL 103.016 0 3.37848 176 2078 176
25.165 bindL 103.587 0 3.5244 2078 91 91
25.17 unbindL 104.933 0 5.84585 125 2081 125
25.18 unbindL 100.531 0 9.0244 185 2083 185
25.215 unbindL 103.773 0 2.2007 16 2085 16
25.225 bindL 103.016 0 3.37848 2085 176 176
25.32 unbindL 100.214 0 4.64152 37 2088 37
25.325 unbindL 101.268 0 4.63114 56 2090 56
25.38 unbindL 102.682 0 6.75955 85 2092 85
25.405 unbindL 101.162 0 5.21835 84 2094 84
25.42 bindL 102.539 0 5.32055 2094 133 133
25.44 unbindL 104.25 0 4.97789 12 2097 12
25.445 bindL 103.498 0 5.04676 2097 189 189
25.475 unbindL 102.356 0 6.29957 87 2100 87
25.48 bindL 102.356 0 6.29957 2100 87 87
25.485 bindL 101.301 0 5.04781 2092 18 18
25.595 bindL 102.705 0 7.38041 279 107 107
25.61 unbindL 101.573 0 8.22284 131 2105 131
25.615 bindL 101.256 0 4.16461 2081 59 59
25.625 bindL 102.364 0 9.33438 2105 169 169
25.69 unbindL 101.301 0 5.04781 18 2109 18
25.705 bindL 101.43 0 5.5148 2109 157 157
25.755 unbindL 102.707 0 8.98959 168 2112 168
25.77 bindL 101.665 0 9.98845 2112 111 111
25.775 unbindL 100.835 0 6.07774 149 2115 149
25.785 bindL 100.193 0 4.35647 2088 41 41
25.79 bindL 101.621 0 6.94699 2115 38 38
25.795 unbindL 100.973 0 9.72366 166 2119 166
25.8 bindL 100.576 0 9.60387 2119 159 159
25.835 unbindL 101.665 0 9.98845 111 2122 111
25.84 bindL 101.758 0 9.54522 2122 145 145
25.845 unbindL 103.016 0 3.37848 176 2125 176
25.845 bindL 102.272 0 9.98152 287 177 177
25.89 unbindL 101.577 0 7.95292 93 2128 93
25.895 bindL 101.547 0 7.92752 2128 5 5
25.905 unbindL 102.85 0 8.97517 66 2131 66
25.915 bindL 102.707 0 8.98959 2131 168 168
25.92 unbindL 102.651 0 2.97757 150 2134 150
25.925 bindL 102.133 0 2.77857 2134 52 52
25.93 bindL 100.194 0 3.05923 1774 17 17
25.93 bindL 102.851 0 0.400859 2125 151 151
25.96 unbindL 102.133 0 2.77857 52 2139 52
25.965 bindL 102.651 0 2.97757 2139 150 150
25.975 unbindL 103.202 0 5.68886 124 2142 124
25.98 bindL 101.301 0 5.04781 2090 18 18
25.98 bindL 103.066 0 5.7109 2142 127 127
26.01 unbindL 102.851 0 0.400859 151 2146 151
26.05 unbindL 101.911 0 7.19101 33 2148 33
26.055 bindL 101.911 0 7.19101 2148 33 33
26.06 unbindL 102.356 0 6.29957 87 2151 87
26.085 unbindL 101.758 0 9.54522 145 2153 145
26.1 bindL 104.178 0 1.15437 2146 2 2
26.1 bindL 102.85 0 8.97517 2153 66 66
26.17 unbindL 102.85 0 8.97517 66 2157 66
26.19 unbindL 101.43 0 5.5148 157 2159 157
26.205 bindL 102.356 0 6.29957 2159 87 87
26.21 bindL 103.51 0 2.31887 2002 163 163
26.24 unbindL 104.331 0 5.82959 64 2163 64
26.24 unbindL 101.301 0 5.04781 18 2165 18
26.245 bindL 101.301 0 5.04781 2165 18 18
26.265 unbindL 100.576 0 9.60387 159 2168 159
26.27 unbindL 100.194 0 3.05923 17 2170 17
26.28 bindL 100.608 0 2.46791 2170 83 83
26.3 bindL 103.739 0 5.36177 2163 158 158
26.32 unbindL 100.608 0 2.46791 83 2174 83
26.345 unbindL 101.256 0 4.16461 59 2176 59
26.35 bindL 101.268 0 4.63114 2176 56 56
26.36 bindL 100.835 0 6.07774 1980 149 149
26.37 unbindL 104.178 0 1.15437 2 2180 2
26.385 bindL 104.609 0 2.30126 2180 8 8
26.415 unbindL 102.705 0 7.38041 107 2183 107
26.43 unbindL 103.226 0 3.76816 113 2185 113
26.44 unbindL 101.268 0 4.63114 56 2187 56
26.445 unbindL 103.51 0 2.31887 163 2189 163
26.45 unbindL 100.187 0 5.92236 143 2191 143
26.48 bindL 102.627 0 4.78163 2183 54 54
26.495 unbindL 100.591 0 8.30075 31 2194 31
26.5 bindL 100.702 0 7.91054 2194 190 190
26.515 unbindL 102.627 0 4.78163 54 2197 54
26.555 bindL 103.202 0 5.68886 2185 124 124
26.56 bindL 103.553 0 3.94272 2187 191 191
26.565 bindL 101.838 0 1.31159 1042 57 57
26.57 unbindL 103.587 0 3.5244 91 2202 91
26.58 bindL 102.133 0 2.77857 2202 52 52
26.595 unbindL 100.835 0 6.07774 149 2205 149
26.605 bindL 100.332 0 6.91356 2205 95 95
26.625 unbindL 104.609 0 2.30126 8 2208 8
26.635 bindL 104.473 0 2.39867 2208 69 69
26.645 unbindL 103.739 0 5.36177 158 2211 158
26.655 bindL 103.841 0 7.06085 2211 26 26
26.7 unbindL 102.356 0 6.29957 87 2214 87
26.715 bindL 102.296 0 7.18618 2214 140 140
26.74 unbindL 103.066 0 5.7109 127 2217 127
26.755 unbindL 102.364 0 9.33438 169 2219 169
26.765 unbindL 102.707 0 8.98959 168 2221 168
26.765 bindL 103.299 0 9.93923 2219 184 184
26.77 bindL 102.364 0 9.33438 2221 169 169
26.825 unbindL 100.508 0 5.95019 103 2225 103
26.825 bindL 102.046 0 9.7702 2189 60 60
26.835 bindL 101.674 0 6.65442 2225 174 174
26.85 unbindL 103.498 0 5.04676 189 2229 189
26.855 bindL 104.25 0 4.97789 2229 12 12
26.905 unbindL 103.202 0 5.68886 124 2232 124
26.92 bindL 101.43 0 5.5148 2217 157 157
26.93 unbindL 102.046 0 9.7702 60 2235 60
26.95 unbindL 102.133 0 2.77857 52 2237 52
26.955 unbindL 103.553 0 3.94272 191 2239 191
26.98 bindL 102.93 0 8.6297 2235 30 30
27.145 unbindL 104.25 0 4.97789 12 2242 12
27.155 bindL 104.933 0 5.84585 2242 125 125
27.265 unbindL 101.674 0 6.65442 174 2245 174
27.285 bindL 100.591 0 8.30075 2245 31 31
27.34 unbindL 101.43 0 5.5148 157 2248 157
27.355 bindL 102.404 0 1.26045 2237 155 155
27.36 unbindL 100.332 0 6.91356 95 2251 95
27.39 unbindL 100.483 0 5.00114 14 2253 14
27.39 bindL 102.038 0 8.37602 2251 134 134
27.405 bindL 100.838 0 3.86498 2253 65 65
27.41 unbindL 101.621 0 6.94699 38 2257 38
27.415 bindL 101.674 0 6.65442 2257 174 174
27.435 bindL 101.494 0 3.80961 2248 29 29
27.47 unbindL 102.651 0 2.97757 150 2261 150
27.495 unbindL 100.591 0 8.30075 31 2263 31
27.5 unbindL 102.93 0 8.6297 30 2265 30
27.5 bindL 100.718 0 9.39636 2263 68 68
27.52 unbindL 102.364 0 9.33438 169 2268 169
27.525 unbindL 103.299 0 9.93923 184 2270 184
27.55 unbindL 101.911 0 7.19101 33 2272 33
27.555 unbindL 104.473 0 2.39867 69 2274 69
27.56 bindL 102.93 0 8.6297 2265 30 30
27.56 bindL 104.609 0 2.30126 2274 8 8
27.565 unbindL 100.718 0 9.39636 68 2278 68
27.57 bindL 100.257 0 8.68439 2278 119 119
27.575 bindL 101.577 0 7.95292 2272 93 93
27.595 unbindL 100.245 0 6.58673 62 2282 62
27.6 bindL 101.016 0 4.68385 266 171 171
27.6 bindL 100.332 0 6.91356 2282 95 95
27.7 unbindL 100.702 0 7.91054 190 2286 190
27.725 bindL 100.391 0 8.45054 2270 82 82
27.75 unbindL 101.301 0 5.04781 18 2289 18
27.75 bindL 103.016 0 3.37848 2174 176 176
27.755 unbindL 102.539 0 5.32055 133 2292 133
27.755 unbindL 103.016 0 3.37848 176 2294 176
27.76 bindL 101.268 0 4.63114 2289 56 56
27.765 unbindL 104.933 0 5.84585 125 2297 125
27.765 bindL 102.265 0 4.72287 2292 44 44
27.77 bindL 102.364 0 9.33438 2286 169 169
27.775 bindL 104.867 0 6.92193 2297 193 193
27.775 bindL 102.197 0 2.22954 2294 115 115
27.785 unbindL 102.038 0 8.37602 134 2303 134
27.8 unbindL 101.838 0 1.31159 57 2305 57
27.815 bindL 103.773 0 2.2007 2305 16 16
27.855 unbindL 101.268 0 4.63114 56 2308 56
27.87 unbindL 102.364 0 9.33438 169 2310 169
27.875 bindL 104.003 0 6.43929 2074 104 104
27.9 bindL 103.137 0 8.46627 2310 123 123
27.935 unbindL 100.391 0 8.45054 82 2314 82
27.945 bindL 101.042 0 9.09757 2314 77 77
27.95 unbindL 104.867 0 6.92193 193 2317 193
27.955 bindL 104.278 0 7.36524 2317 126 126
27.96 unbindL 101.042 0 9.09757 77 2320 77
27.965 bindL 101.458 0 8.62486 2320 101 101
27.97 unbindL 104.609 0 2.30126 8 2323 8
27.975 bindL 104.473 0 2.39867 2323 69 69
27.98 unbindL 103.841 0 7.06085 26 2326 26
27.99 bindL 103.267 0 7.36761 2326 170 170
28 unbindL 102.265 0 4.72287 44 2329 44
28 unbindL 104.278 0 7.36524 126 2331 126
28.005 bindL 100.944 0 4.01983 1944 156 156
28.005 bindL 102.539 0 5.32055 2329 133 133
28.005 bindL 103.882 0 6.73459 2331 118 118
28.01 unbindL 102.197 0 2.22954 115 2336 115
28.035 unbindL 102.404 0 1.26045 155 2338 155
28.045 bindL 102.851 0 0.400859 2338 151 151
28.055 bindL 104.911 0 5.20401 1433 49 49
28.065 unbindL 101.547 0 7.92752 5 2342 5
28.075 unbindL 104.003 0 6.43929 104 2344 104
28.075 bindL 100.702 0 7.91054 2342 190 190
28.085 bindL 103.775 0 6.31412 2344 86 86
28.095 unbindL 101.016 0 4.68385 171 2348 171
28.1 bindL 101.682 0 2.68004 2336 92 92
28.115 unbindL 100.257 0 8.68439 119 2351 119
28.17 bindL 100.973 0 9.72366 2351 166 166
28.205 unbindL 100.973 0 9.72366 166 2354 166
28.21 unbindL 100.944 0 4.01983 156 2356 156
28.21 bindL 100.531 0 9.0244 2191 185 185
28.22 unbindL 103.775 0 6.31412 86 2359 86
28.22 bindL 104.266 0 0.274547 222 27 27
28.22 bindL 101.268 0 4.63114 2356 56 56
28.225 bindL 103.53 0 5.95992 2359 138 138
28.235 bindL 101.43 0 5.5148 2303 157 157
28.25 unbindL 100.332 0 6.91356 95 2365 95
28.255 unbindL 102.93 0 8.6297 30 2367 30
28.255 bindL 100.245 0 6.58673 2365 62 62
28.305 unbindL 100.838 0 3.86498 65 2370 65
28.305 bindL 102.682 0 6.75955 2367 85 85
28.31 bindL 100.944 0 4.01983 2370 156 156
28.34 bindL 103.382 0 6.86115 2354 88 88
28.35 unbindL 101.268 0 4.63114 56 2375 56
28.365 bindL 101.256 0 4.16461 2375 59 59
28.38 unbindL 102.851 0 0.400859 151 2378 151
28.385 unbindL 103.857 0 5.36436 129 2380 129
28.385 bindL 102.851 0 0.400859 2378 151 151
28.395 bindL 104.301 0 3.50624 2380 39 39
28.415 bindL 102.707 0 8.98959 2232 168 168
28.42 unbindL 103.267 0 7.36761 170 2385 170
28.435 bindL 101.911 0 7.19101 2385 33 33
28.56 unbindL 103.382 0 6.86115 88 2388 88
28.57 unbindL 100.245 0 6.58673 62 2390 62
28.575 bindL 104.25 0 4.97789 2388 12 12
28.6 unbindL 103.049 0 6.74077 42 2393 42
28.605 bindL 103.443 0 6.64885 2393 4 4
28.61 unbindL 101.256 0 4.16461 59 2396 59
28.61 unbindL 102.272 0 9.98152 177 2398 177
28.62 unbindL 101.371 0 0.423335 160 2400 160
28.62 bindL 100.483 0 5.00114 2396 14 14
28.63 bindL 101.84 0 0.418477 2400 162 162
28.64 unbindL 101.674 0 6.65442 174 2404 174
28.64 unbindL 101.494 0 3.80961 29 2406 29
28.645 bindL 101.547 0 7.92752 2404 5 5
28.645 bindL 101.64 0 3.47789 2406 47 47
28.65 unbindL 104.473 0 2.39867 69 2410 69
28.665 unbindL 101.911 0 7.19101 33 2412 33
28.725 unbindL 104.911 0 5.20401 49 2414 49
28.745 bindL 104.898 0 5.57555 2414 132 132
28.83 unbindL 103.443 0 6.64885 4 2417 4
28.835 bindL 103.29 0 8.15707 370 130 130
28.835 bindL 102.356 0 6.29957 2417 87 87
28.875 bindL 102.651 0 2.97757 2412 150 150
28.885 bindL 101.921 0 5.7268 2308 89 89
28.925 bindL 102.272 0 9.98152 2398 177 177
29.005 unbindL 102.651 0 2.97757 150 2424 150
29.02 unbindL 103.29 0 8.15707 130 2426 130
29.02 unbindL 100.483 0 5.00114 14 2428 14
29.025 bindL 103.116 0 7.9754 2426 40 40
29.03 bindL 102.137 0 4.14269 2424 99 99
29.05 bindL 100.508 0 5.95019 2428 103 103
29.065 unbindL 102.296 0 7.18618 140 2433 140
29.07 bindL 103.049 0 6.74077 2433 42 42
29.12 unbindL 103.53 0 5.95992 138 2436 138
29.125 unbindL 100.508 0 5.95019 103 2438 103
29.13 bindL 100.892 0 7.06876 2438 79 79
29.14 unbindL 100.944 0 4.01983 156 2441 156
29.15 unbindL 104.898 0 5.57555 132 2443 132
29.155 bindL 103.53 0 5.95992 2436 138 138
29.165 unbindL 103.116 0 7.9754 40 2446 40
29.165 bindL 103.202 0 5.68886 2443 124 124
29.17 bindL 103.765 0 7.83421 2446 97 97
29.26 unbindL 102.682 0 6.75955 85 2450 85
29.26 unbindL 101.458 0 8.62486 101 2452 101
29.265 bindL 102.682 0 6.75955 2450 85 85
29.27 unbindL 102.851 0 0.400859 151 2455 151
29.31 bindL 102.948 0 1.47662 2455 187 187
29.385 unbindL 101.43 0 5.5148 157 2458 157
29.39 bindL 101.43 0 5.5148 2458 157 157
29.405 unbindL 101.43 0 5.5148 157 2461 157
29.415 bindL 101.677 0 5.69542 2461 141 141
29.495 unbindL 101.84 0 0.418477 162 2464 162
29.5 bindL 101.371 0 0.423335 2464 160 160
29.51 unbindL 102.356 0 6.29957 87 2467 87
29.52 bindL 102.356 0 6.29957 2467 87 87
29.525 unbindL 103.53 0 5.95992 138 2470 138
29.53 unbindL 103.773 0 2.2007 16 2472 16
29.53 unbindL 101.677 0 5.69542 141 2474 141
29.535 bindL 104.003 0 6.43929 2470 104 104
29.54 bindL 100.835 0 6.07774 2474 149 149
29.575 unbindL 100.702 0 7.91054 190 2478 190
29.58 bindL 100.546 0 7.53276 2478 36 36
29.6 bindL 101.962 0 5.98405 2472 178 178
29.62 unbindL 104.266 0 0.274547 27 2482 27
29.62 bindL 101.573 0 8.22284 2076 131 131
29.655 unbindL 104.003 0 6.43929 104 2485 104
29.66 bindL 104.962 0 6.12154 2485 136 136
29.68 bindL 104.609 0 2.30126 2482 8 8
29.69 unbindL 103.049 0 6.74077 42 2489 42
29.7 bindL 103.066 0 5.7109 2489 127 127
29.74 unbindL 101.64 0 3.47789 47 2492 47
29.75 bindL 101.905 0 3.9428 2492 173 173
29.77 unbindL 104.962 0 6.12154 136 2495 136
29.775 bindL 104.933 0 5.84585 2495 125 125
29.81 unbindL 101.573 0 8.22284 131 2498 131
29.815 bindL 101.573 0 8.22284 2498 131 131
29.82 unbindL 102.137 0 4.14269 99 2501 99
29.84 bindL 102.265 0 4.72287 2501 44 44
29.855 unbindL 100.892 0 7.06876 79 2504 79
29.86 bindL 100.332 0 6.91356 2504 95 95
29.865 unbindL 103.202 0 5.68886 124 2507 124
29.87 unbindL 103.066 0 5.7109 127 2509 127
29.87 bindL 103.382 0 6.86115 2507 88 88
29.91 unbindL 100.546 0 7.53276 36 2512 36
29.915 bindL 103.226 0 3.76816 2509 113 113
29.935 unbindL 101.547 0 7.92752 5 2515 5
29.955 unbindL 104.301 0 3.50624 39 2517 39
29.96 bindL 104.063 0 3.01497 2517 94 94
29.975 bindL 100.257 0 8.68439 2512 119 119
